#F diff_pat.dat
#S 1 diff_pat run
#C results of diff_pat run
#N 7
#L  Th-ThB{in} [microrad]  Th-ThB{out} [microrad]  phase_p[rad]  phase_s[rad]  Circ Polariz  p-polarized  s-polarized
 -200.00000      -200.00000       0.0000000       0.0000000       0.0000000      0.90960359E-03  0.31481948E-02
 -198.66221      -198.66221       0.0000000       0.0000000       0.0000000      0.16801321E-02  0.17810150E-02
 -197.32441      -197.32441       0.0000000       0.0000000       0.0000000      0.25992284E-02  0.10375041E-02
 -195.98662      -195.98662       0.0000000       0.0000000       0.0000000      0.17898664E-02  0.28650477E-02
 -194.64883      -194.64883       0.0000000       0.0000000       0.0000000      0.95342756E-03  0.27998829E-02
 -193.31104      -193.31104       0.0000000       0.0000000       0.0000000      0.19022189E-02  0.10348133E-02
 -191.97324      -191.97324       0.0000000       0.0000000       0.0000000      0.27313508E-02  0.20281264E-02
 -190.63545      -190.63545       0.0000000       0.0000000       0.0000000      0.17612624E-02  0.34251721E-02
 -189.29766      -189.29766       0.0000000       0.0000000       0.0000000      0.10347214E-02  0.18024869E-02
 -187.95987      -187.95987       0.0000000       0.0000000       0.0000000      0.21425286E-02  0.12400328E-02
 -186.62207      -186.62207       0.0000000       0.0000000       0.0000000      0.28569821E-02  0.32570056E-02
 -185.28428      -185.28428       0.0000000       0.0000000       0.0000000      0.17248451E-02  0.29361461E-02
 -183.94649      -183.94649       0.0000000       0.0000000       0.0000000      0.11326407E-02  0.11103996E-02
 -182.60870      -182.60870       0.0000000       0.0000000       0.0000000      0.23956165E-02  0.24209128E-02
 -181.27090      -181.27090       0.0000000       0.0000000       0.0000000      0.29661214E-02  0.37320711E-02
 -179.93311      -179.93311       0.0000000       0.0000000       0.0000000      0.16893845E-02  0.18346356E-02
 -178.59532      -178.59532       0.0000000       0.0000000       0.0000000      0.12599860E-02  0.15024871E-02
 -177.25753      -177.25753       0.0000000       0.0000000       0.0000000      0.26649623E-02  0.36981011E-02
 -175.91973      -175.91973       0.0000000       0.0000000       0.0000000      0.30665059E-02  0.30551493E-02
 -174.58194      -174.58194       0.0000000       0.0000000       0.0000000      0.16581227E-02  0.12086078E-02
 -173.24415      -173.24415       0.0000000       0.0000000       0.0000000      0.14175022E-02  0.28667941E-02
 -171.90635      -171.90635       0.0000000       0.0000000       0.0000000      0.29555932E-02  0.40454437E-02
 -170.56856      -170.56856       0.0000000       0.0000000       0.0000000      0.31587066E-02  0.18659007E-02
 -169.23077      -169.23077       0.0000000       0.0000000       0.0000000      0.16265312E-02  0.18215808E-02
 -167.89298      -167.89298       0.0000000       0.0000000       0.0000000      0.16195433E-02  0.41904618E-02
 -166.55518      -166.55518       0.0000000       0.0000000       0.0000000      0.32755164E-02  0.31787227E-02
 -165.21739      -165.21739       0.0000000       0.0000000       0.0000000      0.32151599E-02  0.13423731E-02
 -163.87960      -163.87960       0.0000000       0.0000000       0.0000000      0.16351994E-02  0.34125272E-02
 -162.54181      -162.54181       0.0000000       0.0000000       0.0000000      0.18660204E-02  0.43891124E-02
 -161.20401      -161.20401       0.0000000       0.0000000       0.0000000      0.36236925E-02  0.18869282E-02
 -159.86622      -159.86622       0.0000000       0.0000000       0.0000000      0.33240627E-02  0.22690131E-02
 -158.52843      -158.52843       0.0000000       0.0000000       0.0000000      0.16627936E-02  0.47491413E-02
 -157.19064      -157.19064       0.0000000       0.0000000       0.0000000      0.21952573E-02  0.32908299E-02
 -155.85284      -155.85284       0.0000000       0.0000000       0.0000000      0.39589571E-02  0.15927834E-02
 -154.51505      -154.51505       0.0000000       0.0000000       0.0000000      0.33665286E-02  0.40982478E-02
 -153.17726      -153.17726       0.0000000       0.0000000       0.0000000      0.16863533E-02  0.47642549E-02
 -151.83946      -151.83946       0.0000000       0.0000000       0.0000000      0.25340227E-02  0.20672461E-02
 -150.50167      -150.50167       0.0000000       0.0000000       0.0000000      0.43054283E-02  0.28929661E-02
 -149.16388      -149.16388       0.0000000       0.0000000       0.0000000      0.33896500E-02  0.54434137E-02
 -147.82609      -147.82609       0.0000000       0.0000000       0.0000000      0.17357714E-02  0.34846100E-02
 -146.48829      -146.48829       0.0000000       0.0000000       0.0000000      0.29440652E-02  0.19911826E-02
 -145.15050      -145.15050       0.0000000       0.0000000       0.0000000      0.46621742E-02  0.49033880E-02
 -143.81271      -143.81271       0.0000000       0.0000000       0.0000000      0.33805830E-02  0.51512346E-02
 -142.47492      -142.47492       0.0000000       0.0000000       0.0000000      0.18443167E-02  0.22122292E-02
 -141.13712      -141.13712       0.0000000       0.0000000       0.0000000      0.34468613E-02  0.35848539E-02
 -139.79933      -139.79933       0.0000000       0.0000000       0.0000000      0.49863985E-02  0.60937491E-02
 -138.46154      -138.46154       0.0000000       0.0000000       0.0000000      0.33682339E-02  0.36401651E-02
 -137.12375      -137.12375       0.0000000       0.0000000       0.0000000      0.20986938E-02  0.24591331E-02
 -135.78595      -135.78595       0.0000000       0.0000000       0.0000000      0.39198284E-02  0.57502964E-02
 -134.44816      -134.44816       0.0000000       0.0000000       0.0000000      0.54042023E-02  0.55668438E-02
 -133.11037      -133.11037       0.0000000       0.0000000       0.0000000      0.33835781E-02  0.24723695E-02
 -131.77258      -131.77258       0.0000000       0.0000000       0.0000000      0.24851169E-02  0.43751352E-02
 -130.43478      -130.43478       0.0000000       0.0000000       0.0000000      0.47570191E-02  0.69245998E-02
 -129.09699      -129.09699       0.0000000       0.0000000       0.0000000      0.58584488E-02  0.38986498E-02
 -127.75920      -127.75920       0.0000000       0.0000000       0.0000000      0.36015429E-02  0.29463819E-02
 -126.42140      -126.42140       0.0000000       0.0000000       0.0000000      0.28482383E-02  0.69911693E-02
 -125.08361      -125.08361       0.0000000       0.0000000       0.0000000      0.54218534E-02  0.60306757E-02
 -123.74582      -123.74582       0.0000000       0.0000000       0.0000000      0.61431867E-02  0.28146506E-02
 -122.40803      -122.40803       0.0000000       0.0000000       0.0000000      0.36133292E-02  0.56719655E-02
 -121.07023      -121.07023       0.0000000       0.0000000       0.0000000      0.33237531E-02  0.80814188E-02
 -119.73244      -119.73244       0.0000000       0.0000000       0.0000000      0.61304718E-02  0.43664090E-02
 -118.39465      -118.39465       0.0000000       0.0000000       0.0000000      0.63703917E-02  0.44561411E-02
 -117.05686      -117.05686       0.0000000       0.0000000       0.0000000      0.37301080E-02  0.87603662E-02
 -115.71906      -115.71906       0.0000000       0.0000000       0.0000000      0.39589590E-02  0.69952902E-02
 -114.38127      -114.38127       0.0000000       0.0000000       0.0000000      0.68117774E-02  0.37663662E-02
 -113.04348      -113.04348       0.0000000       0.0000000       0.0000000      0.66153997E-02  0.76145222E-02
 -111.70569      -111.70569       0.0000000       0.0000000       0.0000000      0.41009134E-02  0.93039011E-02
 -110.36789      -110.36789       0.0000000       0.0000000       0.0000000      0.46018084E-02  0.48066526E-02
 -109.03010      -109.03010       0.0000000       0.0000000       0.0000000      0.74691044E-02  0.57887745E-02
 -107.69231      -107.69231       0.0000000       0.0000000       0.0000000      0.73521398E-02  0.10285079E-01
 -106.35452      -106.35452       0.0000000       0.0000000       0.0000000      0.42220293E-02  0.73283383E-02
 -105.01672      -105.01672       0.0000000       0.0000000       0.0000000      0.56528277E-02  0.47241828E-02
 -103.67893      -103.67893       0.0000000       0.0000000       0.0000000      0.86303294E-02  0.95200298E-02
 -102.34114      -102.34114       0.0000000       0.0000000       0.0000000      0.83833568E-02  0.10085910E-01
 -101.00334      -101.00334       0.0000000       0.0000000       0.0000000      0.57015476E-02  0.55612037E-02
 -99.665552      -99.665552       0.0000000       0.0000000       0.0000000      0.73384859E-02  0.77409679E-02
 -98.327759      -98.327759       0.0000000       0.0000000       0.0000000      0.10437140E-01  0.11566886E-01
 -96.989967      -96.989967       0.0000000       0.0000000       0.0000000      0.89687587E-02  0.84459131E-02
 -95.652174      -95.652174       0.0000000       0.0000000       0.0000000      0.62675340E-02  0.64374879E-02
 -94.314381      -94.314381       0.0000000       0.0000000       0.0000000      0.83205826E-02  0.10988214E-01
 -92.976589      -92.976589       0.0000000       0.0000000       0.0000000      0.11352790E-01  0.12458770E-01
 -91.638796      -91.638796       0.0000000       0.0000000       0.0000000      0.96376740E-02  0.65338421E-02
 -90.301003      -90.301003       0.0000000       0.0000000       0.0000000      0.69206808E-02  0.10237872E-01
 -88.963211      -88.963211       0.0000000       0.0000000       0.0000000      0.92545902E-02  0.14682185E-01
 -87.625418      -87.625418       0.0000000       0.0000000       0.0000000      0.12632754E-01  0.11118223E-01
 -86.287625      -86.287625       0.0000000       0.0000000       0.0000000      0.10677049E-01  0.10005012E-01
 -84.949833      -84.949833       0.0000000       0.0000000       0.0000000      0.73778240E-02  0.17660664E-01
 -83.612040      -83.612040       0.0000000       0.0000000       0.0000000      0.10335259E-01  0.16835827E-01
 -82.274247      -82.274247       0.0000000       0.0000000       0.0000000      0.15095319E-01  0.10945224E-01
 -80.936455      -80.936455       0.0000000       0.0000000       0.0000000      0.11432051E-01  0.15805965E-01
 -79.598662      -79.598662       0.0000000       0.0000000       0.0000000      0.72272452E-02  0.20521700E-01
 -78.260870      -78.260870       0.0000000       0.0000000       0.0000000      0.14161130E-01  0.13659548E-01
 -76.923077      -76.923077       0.0000000       0.0000000       0.0000000      0.16789832E-01  0.13178342E-01
 -75.585284      -75.585284       0.0000000       0.0000000       0.0000000      0.12503515E-01  0.22049335E-01
 -74.247492      -74.247492       0.0000000       0.0000000       0.0000000      0.10764550E-01  0.18609893E-01
 -72.909699      -72.909699       0.0000000       0.0000000       0.0000000      0.19717856E-01  0.11964652E-01
 -71.571906      -71.571906       0.0000000       0.0000000       0.0000000      0.23664408E-01  0.21057441E-01
 -70.234114      -70.234114       0.0000000       0.0000000       0.0000000      0.17461419E-01  0.24047465E-01
 -68.896321      -68.896321       0.0000000       0.0000000       0.0000000      0.15528801E-01  0.13593893E-01
 -67.558528      -67.558528       0.0000000       0.0000000       0.0000000      0.23730833E-01  0.18923260E-01
 -66.220736      -66.220736       0.0000000       0.0000000       0.0000000      0.26229535E-01  0.27993728E-01
 -64.882943      -64.882943       0.0000000       0.0000000       0.0000000      0.17696980E-01  0.17779674E-01
 -63.545151      -63.545151       0.0000000       0.0000000       0.0000000      0.16792544E-01  0.18613608E-01
 -62.207358      -62.207358       0.0000000       0.0000000       0.0000000      0.28181500E-01  0.29056118E-01
 -60.869565      -60.869565       0.0000000       0.0000000       0.0000000      0.28760284E-01  0.23142555E-01
 -59.531773      -59.531773       0.0000000       0.0000000       0.0000000      0.16867773E-01  0.23404744E-01
 -58.193980      -58.193980       0.0000000       0.0000000       0.0000000      0.19594044E-01  0.24699423E-01
 -56.856187      -56.856187       0.0000000       0.0000000       0.0000000      0.35060257E-01  0.35714513E-01
 -55.518395      -55.518395       0.0000000       0.0000000       0.0000000      0.29881603E-01  0.25563112E-01
 -54.180602      -54.180602       0.0000000       0.0000000       0.0000000      0.15018234E-01  0.34731608E-01
 -52.842809      -52.842809       0.0000000       0.0000000       0.0000000      0.28569252E-01  0.47951158E-01
 -51.505017      -51.505017       0.0000000       0.0000000       0.0000000      0.41917281E-01  0.49790286E-01
 -50.167224      -50.167224       0.0000000       0.0000000       0.0000000      0.25764852E-01  0.44462246E-01
 -48.829431      -48.829431       0.0000000       0.0000000       0.0000000      0.24882036E-01  0.51641668E-01
 -47.491639      -47.491639       0.0000000       0.0000000       0.0000000      0.37566382E-01  0.56243861E-01
 -46.153846      -46.153846       0.0000000       0.0000000       0.0000000      0.45534560E-01  0.50149804E-01
 -44.816054      -44.816054       0.0000000       0.0000000       0.0000000      0.41216106E-01  0.49977981E-01
 -43.478261      -43.478261       0.0000000       0.0000000       0.0000000      0.42325706E-01  0.59010844E-01
 -42.140468      -42.140468       0.0000000       0.0000000       0.0000000      0.67686525E-01  0.59622229E-01
 -40.802676      -40.802676       0.0000000       0.0000000       0.0000000      0.75040362E-01  0.51018586E-01
 -39.464883      -39.464883       0.0000000       0.0000000       0.0000000      0.55000056E-01  0.57472721E-01
 -38.127090      -38.127090       0.0000000       0.0000000       0.0000000      0.53870310E-01  0.70920286E-01
 -36.789298      -36.789298       0.0000000       0.0000000       0.0000000      0.80371637E-01  0.58114274E-01
 -35.451505      -35.451505       0.0000000       0.0000000       0.0000000      0.78631943E-01  0.52263079E-01
 -34.113712      -34.113712       0.0000000       0.0000000       0.0000000      0.51816397E-01  0.82177893E-01
 -32.775920      -32.775920       0.0000000       0.0000000       0.0000000      0.64556485E-01  0.72438317E-01
 -31.438127      -31.438127       0.0000000       0.0000000       0.0000000      0.94859573E-01  0.45331272E-01
 -30.100334      -30.100334       0.0000000       0.0000000       0.0000000      0.76426050E-01  0.94941715E-01
 -28.762542      -28.762542       0.0000000       0.0000000       0.0000000      0.50936717E-01  0.89951165E-01
 -27.424749      -27.424749       0.0000000       0.0000000       0.0000000      0.87770952E-01  0.44104189E-01
 -26.086957      -26.086957       0.0000000       0.0000000       0.0000000      0.10592845      0.11375684    
 -24.749164      -24.749164       0.0000000       0.0000000       0.0000000      0.64759873E-01  0.88742652E-01
 -23.411371      -23.411371       0.0000000       0.0000000       0.0000000      0.74994770E-01  0.98630175E-01
 -22.073579      -22.073579       0.0000000       0.0000000       0.0000000      0.11618227      0.85757761E-01
 -20.735786      -20.735786       0.0000000       0.0000000       0.0000000      0.90953240E-01  0.17567084    
 -19.397993      -19.397993       0.0000000       0.0000000       0.0000000      0.99117488E-01  0.17269306    
 -18.060201      -18.060201       0.0000000       0.0000000       0.0000000      0.10959621      0.18907225    
 -16.722408      -16.722408       0.0000000       0.0000000       0.0000000      0.10970262      0.23196728    
 -15.384615      -15.384615       0.0000000       0.0000000       0.0000000      0.17457450      0.21151310    
 -14.046823      -14.046823       0.0000000       0.0000000       0.0000000      0.16367087      0.18797497    
 -12.709030      -12.709030       0.0000000       0.0000000       0.0000000      0.22239665      0.23882161    
 -11.371237      -11.371237       0.0000000       0.0000000       0.0000000      0.26053080      0.23303602    
 -10.033445      -10.033445       0.0000000       0.0000000       0.0000000      0.23926956      0.18775604    
 -8.6956522      -8.6956522       0.0000000       0.0000000       0.0000000      0.21302976      0.24359815    
 -7.3578595      -7.3578595       0.0000000       0.0000000       0.0000000      0.25707104      0.25685246    
 -6.0200669      -6.0200669       0.0000000       0.0000000       0.0000000      0.27813938      0.19116128    
 -4.6822742      -4.6822742       0.0000000       0.0000000       0.0000000      0.22799108      0.25208823    
 -3.3444816      -3.3444816       0.0000000       0.0000000       0.0000000      0.23209782      0.28371948    
 -2.0066890      -2.0066890       0.0000000       0.0000000       0.0000000      0.29968281      0.19524795    
-0.66889632     -0.66889632       0.0000000       0.0000000       0.0000000      0.27508043      0.27451179    
 0.66889632      0.66889632       0.0000000       0.0000000       0.0000000      0.21520878      0.31343352    
  2.0066890       2.0066890       0.0000000       0.0000000       0.0000000      0.29959823      0.19471118    
  3.3444816       3.3444816       0.0000000       0.0000000       0.0000000      0.33313296      0.33353086    
  4.6822742       4.6822742       0.0000000       0.0000000       0.0000000      0.22613296      0.32904937    
  6.0200669       6.0200669       0.0000000       0.0000000       0.0000000      0.29810125      0.21998163    
  7.3578595       7.3578595       0.0000000       0.0000000       0.0000000      0.39655850      0.44692575    
  8.6956522       8.6956522       0.0000000       0.0000000       0.0000000      0.24203550      0.22706961    
  10.033445       10.033445       0.0000000       0.0000000       0.0000000      0.36048284      0.50723400    
  11.371237       11.371237       0.0000000       0.0000000       0.0000000      0.46906105      0.27473812    
  12.709030       12.709030       0.0000000       0.0000000       0.0000000      0.23559698      0.67500794    
  14.046823       14.046823       0.0000000       0.0000000       0.0000000      0.61881086      0.85200518    
  15.384615       15.384615       0.0000000       0.0000000       0.0000000      0.61584123      0.93124639    
  16.722408       16.722408       0.0000000       0.0000000       0.0000000      0.89629745      0.94129479    
  18.060201       18.060201       0.0000000       0.0000000       0.0000000      0.92197881      0.94388975    
  19.397993       19.397993       0.0000000       0.0000000       0.0000000      0.92894513      0.94408334    
  20.735786       20.735786       0.0000000       0.0000000       0.0000000      0.93103321      0.94314048    
  22.073579       22.073579       0.0000000       0.0000000       0.0000000      0.93103157      0.94152512    
  23.411371       23.411371       0.0000000       0.0000000       0.0000000      0.92986439      0.93943987    
  24.749164       24.749164       0.0000000       0.0000000       0.0000000      0.92791473      0.93697837    
  26.086957       26.086957       0.0000000       0.0000000       0.0000000      0.92535562      0.93417991    
  27.424749       27.424749       0.0000000       0.0000000       0.0000000      0.92225936      0.93105184    
  28.762542       28.762542       0.0000000       0.0000000       0.0000000      0.91863962      0.92757894    
  30.100334       30.100334       0.0000000       0.0000000       0.0000000      0.91446784      0.92372677    
  31.438127       31.438127       0.0000000       0.0000000       0.0000000      0.90967712      0.91944104    
  32.775920       32.775920       0.0000000       0.0000000       0.0000000      0.90415769      0.91464399    
  34.113712       34.113712       0.0000000       0.0000000       0.0000000      0.89774364      0.90922704    
  35.451505       35.451505       0.0000000       0.0000000       0.0000000      0.89018724      0.90303802    
  36.789298       36.789298       0.0000000       0.0000000       0.0000000      0.88111088      0.89585960    
  38.127090       38.127090       0.0000000       0.0000000       0.0000000      0.86991420      0.88737125    
  39.464883       39.464883       0.0000000       0.0000000       0.0000000      0.85558033      0.87707876    
  40.802676       40.802676       0.0000000       0.0000000       0.0000000      0.83622470      0.86417353    
  42.140468       42.140468       0.0000000       0.0000000       0.0000000      0.80787390      0.84722171    
  43.478261       43.478261       0.0000000       0.0000000       0.0000000      0.76042245      0.82337989    
  44.816054       44.816054       0.0000000       0.0000000       0.0000000      0.66173255      0.78602609    
  46.153846       46.153846       0.0000000       0.0000000       0.0000000      0.46752047      0.71602142    
  47.491639       47.491639       0.0000000       0.0000000       0.0000000      0.36912963      0.56604448    
  48.829431       48.829431       0.0000000       0.0000000       0.0000000      0.21756600      0.41233208    
  50.167224       50.167224       0.0000000       0.0000000       0.0000000      0.26235584      0.31000084    
  51.505017       51.505017       0.0000000       0.0000000       0.0000000      0.15248860      0.25063039    
  52.842809       52.842809       0.0000000       0.0000000       0.0000000      0.13088058      0.19089404    
  54.180602       54.180602       0.0000000       0.0000000       0.0000000      0.18063117      0.20730307    
  55.518395       55.518395       0.0000000       0.0000000       0.0000000      0.91290979E-01  0.10895330    
  56.856187       56.856187       0.0000000       0.0000000       0.0000000      0.75932193E-01  0.16105138    
  58.193980       58.193980       0.0000000       0.0000000       0.0000000      0.13320644      0.12208343    
  59.531773       59.531773       0.0000000       0.0000000       0.0000000      0.83216516E-01  0.73564377E-01
  60.869565       60.869565       0.0000000       0.0000000       0.0000000      0.37950738E-01  0.12789951    
  62.207358       62.207358       0.0000000       0.0000000       0.0000000      0.88433731E-01  0.80744553E-01
  63.545151       63.545151       0.0000000       0.0000000       0.0000000      0.87537910E-01  0.55077623E-01
  64.882943       64.882943       0.0000000       0.0000000       0.0000000      0.31285442E-01  0.10071187    
  66.220736       66.220736       0.0000000       0.0000000       0.0000000      0.43108863E-01  0.62610469E-01
  67.558528       67.558528       0.0000000       0.0000000       0.0000000      0.77668042E-01  0.39972534E-01
  68.896321       68.896321       0.0000000       0.0000000       0.0000000      0.47645656E-01  0.79729337E-01
  70.234114       70.234114       0.0000000       0.0000000       0.0000000      0.18199605E-01  0.54954273E-01
  71.571906       71.571906       0.0000000       0.0000000       0.0000000      0.47878262E-01  0.28425921E-01
  72.909699       72.909699       0.0000000       0.0000000       0.0000000      0.58509105E-01  0.62040672E-01
  74.247492       74.247492       0.0000000       0.0000000       0.0000000      0.24493076E-01  0.51848220E-01
  75.585284       75.585284       0.0000000       0.0000000       0.0000000      0.18468149E-01  0.21479008E-01
  76.923077       76.923077       0.0000000       0.0000000       0.0000000      0.46129962E-01  0.45927578E-01
  78.260870       78.260870       0.0000000       0.0000000       0.0000000      0.40851173E-01  0.49740410E-01
  79.598662       79.598662       0.0000000       0.0000000       0.0000000      0.13469190E-01  0.19459992E-01
  80.936455       80.936455       0.0000000       0.0000000       0.0000000      0.20988360E-01  0.31407903E-01
  82.274247       82.274247       0.0000000       0.0000000       0.0000000      0.40735070E-01  0.46192530E-01
  83.612040       83.612040       0.0000000       0.0000000       0.0000000      0.27387214E-01  0.21489611E-01
  84.949833       84.949833       0.0000000       0.0000000       0.0000000      0.91521688E-02  0.19779256E-01
  86.287625       86.287625       0.0000000       0.0000000       0.0000000      0.22616779E-01  0.39915047E-01
  87.625418       87.625418       0.0000000       0.0000000       0.0000000      0.34145875E-01  0.25520679E-01
  88.963211       88.963211       0.0000000       0.0000000       0.0000000      0.18005063E-01  0.12628669E-01
  90.301003       90.301003       0.0000000       0.0000000       0.0000000      0.80657026E-02  0.31049897E-01
  91.638796       91.638796       0.0000000       0.0000000       0.0000000      0.22910914E-01  0.28970395E-01
  92.976589       92.976589       0.0000000       0.0000000       0.0000000      0.27680966E-01  0.10659107E-01
  94.314381       94.314381       0.0000000       0.0000000       0.0000000      0.11832734E-01  0.21172458E-01
  95.652174       95.652174       0.0000000       0.0000000       0.0000000      0.83338698E-02  0.29653507E-01
  96.989967       96.989967       0.0000000       0.0000000       0.0000000      0.22140528E-01  0.12964212E-01
  98.327759       98.327759       0.0000000       0.0000000       0.0000000      0.21923473E-01  0.12718130E-01
  99.665552       99.665552       0.0000000       0.0000000       0.0000000      0.79703540E-02  0.26601883E-01
  101.00334       101.00334       0.0000000       0.0000000       0.0000000      0.90258261E-02  0.17220812E-01
  102.34114       102.34114       0.0000000       0.0000000       0.0000000      0.20672496E-01  0.78665979E-02
  103.67893       103.67893       0.0000000       0.0000000       0.0000000      0.17064362E-01  0.20461485E-01
  105.01672       105.01672       0.0000000       0.0000000       0.0000000      0.56922478E-02  0.20658400E-01
  106.35452       106.35452       0.0000000       0.0000000       0.0000000      0.97115424E-02  0.73949536E-02
  107.69231       107.69231       0.0000000       0.0000000       0.0000000      0.18811322E-01  0.13270459E-01
  109.03010       109.03010       0.0000000       0.0000000       0.0000000      0.13104476E-01  0.21217496E-01
  110.36789       110.36789       0.0000000       0.0000000       0.0000000      0.44649112E-02  0.10230627E-01
  111.70569       111.70569       0.0000000       0.0000000       0.0000000      0.10213263E-01  0.75778293E-02
  113.04348       113.04348       0.0000000       0.0000000       0.0000000      0.16777174E-01  0.18346095E-01
  114.38127       114.38127       0.0000000       0.0000000       0.0000000      0.99615997E-02  0.14020017E-01
  115.71906       115.71906       0.0000000       0.0000000       0.0000000      0.39125904E-02  0.52044945E-02
  117.05686       117.05686       0.0000000       0.0000000       0.0000000      0.10476560E-01  0.13148255E-01
  118.39465       118.39465       0.0000000       0.0000000       0.0000000      0.14718892E-01  0.16323571E-01
  119.73244       119.73244       0.0000000       0.0000000       0.0000000      0.75242347E-02  0.63207062E-02
  121.07023       121.07023       0.0000000       0.0000000       0.0000000      0.37766689E-02  0.78130249E-02
  122.40803       122.40803       0.0000000       0.0000000       0.0000000      0.10504622E-01  0.15736827E-01
  123.74582       123.74582       0.0000000       0.0000000       0.0000000      0.12732496E-01  0.94407118E-02
  125.08361       125.08361       0.0000000       0.0000000       0.0000000      0.56777850E-02  0.45036814E-02
  126.42140       126.42140       0.0000000       0.0000000       0.0000000      0.38816874E-02  0.12435769E-01
  127.75920       127.75920       0.0000000       0.0000000       0.0000000      0.10325306E-01  0.12318485E-01
  129.09699       129.09699       0.0000000       0.0000000       0.0000000      0.10876912E-01  0.42319094E-02
  130.43478       130.43478       0.0000000       0.0000000       0.0000000      0.43158247E-02  0.79701272E-02
  131.77258       131.77258       0.0000000       0.0000000       0.0000000      0.41099738E-02  0.13143191E-01
  133.11037       133.11037       0.0000000       0.0000000       0.0000000      0.99752318E-02  0.63853350E-02
  134.44816       134.44816       0.0000000       0.0000000       0.0000000      0.91854724E-02  0.44011287E-02
  135.78595       135.78595       0.0000000       0.0000000       0.0000000      0.33445810E-02  0.11381201E-01
  137.12375       137.12375       0.0000000       0.0000000       0.0000000      0.43837980E-02  0.91952801E-02
  138.46154       138.46154       0.0000000       0.0000000       0.0000000      0.94918280E-02  0.31801768E-02
  139.79933       139.79933       0.0000000       0.0000000       0.0000000      0.76743037E-02  0.79189091E-02
  141.13712       141.13712       0.0000000       0.0000000       0.0000000      0.26835931E-02  0.10790563E-01
  142.47492       142.47492       0.0000000       0.0000000       0.0000000      0.46528701E-02  0.43919597E-02
  143.81271       143.81271       0.0000000       0.0000000       0.0000000      0.89101257E-02  0.44947045E-02
  145.15050       145.15050       0.0000000       0.0000000       0.0000000      0.63478841E-02  0.10179897E-01
  146.48829       146.48829       0.0000000       0.0000000       0.0000000      0.22650730E-02  0.68217526E-02
  147.82609       147.82609       0.0000000       0.0000000       0.0000000      0.48857893E-02  0.27045897E-02
  149.16388       149.16388       0.0000000       0.0000000       0.0000000      0.82611773E-02  0.76749176E-02
  150.50167       150.50167       0.0000000       0.0000000       0.0000000      0.52030451E-02  0.87540675E-02
  151.83946       151.83946       0.0000000       0.0000000       0.0000000      0.20324841E-02  0.31203861E-02
  153.17726       153.17726       0.0000000       0.0000000       0.0000000      0.50641278E-02  0.46108880E-02
  154.51505       154.51505       0.0000000       0.0000000       0.0000000      0.75717952E-02  0.89558112E-02
  155.85284       155.85284       0.0000000       0.0000000       0.0000000      0.42316534E-02  0.50473503E-02
  157.19064       157.19064       0.0000000       0.0000000       0.0000000      0.19390371E-02  0.25392239E-02
  158.52843       158.52843       0.0000000       0.0000000       0.0000000      0.51786081E-02  0.72882550E-02
  159.86622       159.86622       0.0000000       0.0000000       0.0000000      0.68646307E-02  0.70380167E-02
  161.20401       161.20401       0.0000000       0.0000000       0.0000000      0.34223495E-02  0.23336454E-02
  162.54181       162.54181       0.0000000       0.0000000       0.0000000      0.19462915E-02  0.46812124E-02
  163.87960       163.87960       0.0000000       0.0000000       0.0000000      0.52259986E-02  0.77800528E-02
  165.21739       165.21739       0.0000000       0.0000000       0.0000000      0.61585370E-02  0.37383313E-02
  166.55518       166.55518       0.0000000       0.0000000       0.0000000      0.27619335E-02  0.25315339E-02
  167.89298       167.89298       0.0000000       0.0000000       0.0000000      0.20228191E-02  0.68085778E-02
  169.23077       169.23077       0.0000000       0.0000000       0.0000000      0.52074070E-02  0.56166832E-02
  170.56856       170.56856       0.0000000       0.0000000       0.0000000      0.54689350E-02  0.18699314E-02
  171.90635       171.90635       0.0000000       0.0000000       0.0000000      0.22361438E-02  0.46844787E-02
  173.24415       173.24415       0.0000000       0.0000000       0.0000000      0.21432269E-02  0.66898213E-02
  174.58194       174.58194       0.0000000       0.0000000       0.0000000      0.51267114E-02  0.27859434E-02
  175.91973       175.91973       0.0000000       0.0000000       0.0000000      0.48081018E-02  0.25943464E-02
  177.25753       177.25753       0.0000000       0.0000000       0.0000000      0.18303360E-02  0.62760048E-02
  178.59532       178.59532       0.0000000       0.0000000       0.0000000      0.22870018E-02  0.44542489E-02
  179.93311       179.93311       0.0000000       0.0000000       0.0000000      0.49898016E-02  0.16192596E-02
  181.27090       181.27090       0.0000000       0.0000000       0.0000000      0.41856604E-02  0.46203866E-02
  182.60870       182.60870       0.0000000       0.0000000       0.0000000      0.15299522E-02  0.57018979E-02
  183.94649       183.94649       0.0000000       0.0000000       0.0000000      0.24380591E-02  0.21047482E-02
  185.28428       185.28428       0.0000000       0.0000000       0.0000000      0.48036735E-02  0.26784154E-02
  186.62207       186.62207       0.0000000       0.0000000       0.0000000      0.36088845E-02  0.57203136E-02
  187.95987       187.95987       0.0000000       0.0000000       0.0000000      0.13206947E-02  0.35135466E-02
  189.29766       189.29766       0.0000000       0.0000000       0.0000000      0.25836857E-02  0.15068472E-02
  190.63545       190.63545       0.0000000       0.0000000       0.0000000      0.45759956E-02  0.44968196E-02
  191.97324       191.97324       0.0000000       0.0000000       0.0000000      0.30829245E-02  0.48211051E-02
  193.31104       193.31104       0.0000000       0.0000000       0.0000000      0.11888857E-02  0.16289508E-02
  194.64883       194.64883       0.0000000       0.0000000       0.0000000      0.27143433E-02  0.27563631E-02
  195.98662       195.98662       0.0000000       0.0000000       0.0000000      0.43147499E-02  0.51628784E-02
  197.32441       197.32441       0.0000000       0.0000000       0.0000000      0.26110941E-02  0.27602757E-02
  198.66221       198.66221       0.0000000       0.0000000       0.0000000      0.11215469E-02  0.14816174E-02
  200.00000       200.00000       0.0000000       0.0000000       0.0000000      0.28230677E-02  0.43244615E-02
