-2.000000000000000000e+02 -2.000000000000000000e+02 0.000000000000000000e+00 0.000000000000000000e+00 0.000000000000000000e+00 1.572057500000000052e-01 1.520442399999999972e-01
-1.986622099999999875e+02 -1.986622099999999875e+02 0.000000000000000000e+00 0.000000000000000000e+00 0.000000000000000000e+00 1.596325299999999947e-01 1.527834399999999926e-01
-1.973244100000000003e+02 -1.973244100000000003e+02 0.000000000000000000e+00 0.000000000000000000e+00 0.000000000000000000e+00 1.589912099999999939e-01 1.543080099999999955e-01
-1.959866199999999878e+02 -1.959866199999999878e+02 0.000000000000000000e+00 0.000000000000000000e+00 0.000000000000000000e+00 1.573179799999999962e-01 1.551571900000000004e-01
-1.946488300000000038e+02 -1.946488300000000038e+02 0.000000000000000000e+00 0.000000000000000000e+00 0.000000000000000000e+00 1.565368400000000104e-01 1.538049200000000116e-01
-1.933110399999999913e+02 -1.933110399999999913e+02 0.000000000000000000e+00 0.000000000000000000e+00 0.000000000000000000e+00 1.583437900000000120e-01 1.492615599999999876e-01
-1.919732400000000041e+02 -1.919732400000000041e+02 0.000000000000000000e+00 0.000000000000000000e+00 0.000000000000000000e+00 1.631497199999999981e-01 1.595324599999999871e-01
-1.906354499999999916e+02 -1.906354499999999916e+02 0.000000000000000000e+00 0.000000000000000000e+00 0.000000000000000000e+00 1.671077199999999874e-01 1.703762100000000002e-01
-1.892976600000000076e+02 -1.892976600000000076e+02 0.000000000000000000e+00 0.000000000000000000e+00 0.000000000000000000e+00 1.671933499999999906e-01 1.723580500000000126e-01
-1.879598699999999951e+02 -1.879598699999999951e+02 0.000000000000000000e+00 0.000000000000000000e+00 0.000000000000000000e+00 1.622577699999999956e-01 1.724931199999999998e-01
-1.866220700000000079e+02 -1.866220700000000079e+02 0.000000000000000000e+00 0.000000000000000000e+00 0.000000000000000000e+00 1.531642099999999951e-01 1.739970200000000022e-01
-1.852842799999999954e+02 -1.852842799999999954e+02 0.000000000000000000e+00 0.000000000000000000e+00 0.000000000000000000e+00 1.591320999999999986e-01 1.774015700000000084e-01
-1.839464900000000114e+02 -1.839464900000000114e+02 0.000000000000000000e+00 0.000000000000000000e+00 0.000000000000000000e+00 1.761948000000000125e-01 1.795087300000000052e-01
-1.826086999999999989e+02 -1.826086999999999989e+02 0.000000000000000000e+00 0.000000000000000000e+00 0.000000000000000000e+00 1.843792499999999945e-01 1.790311400000000053e-01
-1.812709000000000117e+02 -1.812709000000000117e+02 0.000000000000000000e+00 0.000000000000000000e+00 0.000000000000000000e+00 1.864826199999999878e-01 1.784060600000000052e-01
-1.799331099999999992e+02 -1.799331099999999992e+02 0.000000000000000000e+00 0.000000000000000000e+00 0.000000000000000000e+00 1.849819600000000008e-01 1.795549200000000067e-01
-1.785953199999999867e+02 -1.785953199999999867e+02 0.000000000000000000e+00 0.000000000000000000e+00 0.000000000000000000e+00 1.828301499999999968e-01 1.812041699999999977e-01
-1.772575300000000027e+02 -1.772575300000000027e+02 0.000000000000000000e+00 0.000000000000000000e+00 0.000000000000000000e+00 1.823835699999999949e-01 1.817655499999999980e-01
-1.759197299999999871e+02 -1.759197299999999871e+02 0.000000000000000000e+00 0.000000000000000000e+00 0.000000000000000000e+00 1.853630400000000067e-01 1.779359799999999936e-01
-1.745819400000000030e+02 -1.745819400000000030e+02 0.000000000000000000e+00 0.000000000000000000e+00 0.000000000000000000e+00 1.914719199999999899e-01 1.799033700000000069e-01
-1.732441499999999905e+02 -1.732441499999999905e+02 0.000000000000000000e+00 0.000000000000000000e+00 0.000000000000000000e+00 1.957541999999999893e-01 1.964795000000000014e-01
-1.719063500000000033e+02 -1.719063500000000033e+02 0.000000000000000000e+00 0.000000000000000000e+00 0.000000000000000000e+00 1.949441000000000090e-01 2.013026199999999877e-01
-1.705685599999999909e+02 -1.705685599999999909e+02 0.000000000000000000e+00 0.000000000000000000e+00 0.000000000000000000e+00 1.882469200000000120e-01 2.014789700000000072e-01
-1.692307700000000068e+02 -1.692307700000000068e+02 0.000000000000000000e+00 0.000000000000000000e+00 0.000000000000000000e+00 1.775758899999999862e-01 2.027513499999999969e-01
-1.678929799999999943e+02 -1.678929799999999943e+02 0.000000000000000000e+00 0.000000000000000000e+00 0.000000000000000000e+00 1.864172699999999960e-01 2.069302199999999980e-01
-1.665551800000000071e+02 -1.665551800000000071e+02 0.000000000000000000e+00 0.000000000000000000e+00 0.000000000000000000e+00 2.068375899999999878e-01 2.108801899999999951e-01
-1.652173899999999946e+02 -1.652173899999999946e+02 0.000000000000000000e+00 0.000000000000000000e+00 0.000000000000000000e+00 2.163155999999999968e-01 2.111386600000000058e-01
-1.638796000000000106e+02 -1.638796000000000106e+02 0.000000000000000000e+00 0.000000000000000000e+00 0.000000000000000000e+00 2.181610800000000072e-01 2.091117000000000115e-01
-1.625418099999999981e+02 -1.625418099999999981e+02 0.000000000000000000e+00 0.000000000000000000e+00 0.000000000000000000e+00 2.155040199999999906e-01 2.090263800000000116e-01
-1.612040100000000109e+02 -1.612040100000000109e+02 0.000000000000000000e+00 0.000000000000000000e+00 0.000000000000000000e+00 2.124762400000000107e-01 2.110775199999999907e-01
-1.598662199999999984e+02 -1.598662199999999984e+02 0.000000000000000000e+00 0.000000000000000000e+00 0.000000000000000000e+00 2.121810799999999941e-01 2.133744300000000038e-01
-1.585284299999999860e+02 -1.585284299999999860e+02 0.000000000000000000e+00 0.000000000000000000e+00 0.000000000000000000e+00 2.165943200000000068e-01 2.122786700000000026e-01
-1.571906400000000019e+02 -1.571906400000000019e+02 0.000000000000000000e+00 0.000000000000000000e+00 0.000000000000000000e+00 2.245135600000000009e-01 2.072699899999999873e-01
-1.558528399999999863e+02 -1.558528399999999863e+02 0.000000000000000000e+00 0.000000000000000000e+00 0.000000000000000000e+00 2.294515199999999921e-01 2.237529900000000127e-01
-1.545150500000000022e+02 -1.545150500000000022e+02 0.000000000000000000e+00 0.000000000000000000e+00 0.000000000000000000e+00 2.276332799999999934e-01 2.344695499999999988e-01
-1.531772599999999898e+02 -1.531772599999999898e+02 0.000000000000000000e+00 0.000000000000000000e+00 0.000000000000000000e+00 2.185854000000000130e-01 2.354126599999999958e-01
-1.518394600000000025e+02 -1.518394600000000025e+02 0.000000000000000000e+00 0.000000000000000000e+00 0.000000000000000000e+00 2.057835299999999923e-01 2.364645999999999970e-01
-1.505016699999999901e+02 -1.505016699999999901e+02 0.000000000000000000e+00 0.000000000000000000e+00 0.000000000000000000e+00 2.180817899999999976e-01 2.408963500000000091e-01
-1.491638800000000060e+02 -1.491638800000000060e+02 0.000000000000000000e+00 0.000000000000000000e+00 0.000000000000000000e+00 2.424006499999999953e-01 2.469088100000000063e-01
-1.478260899999999936e+02 -1.478260899999999936e+02 0.000000000000000000e+00 0.000000000000000000e+00 0.000000000000000000e+00 2.536364700000000028e-01 2.488318900000000000e-01
-1.464882900000000063e+02 -1.464882900000000063e+02 0.000000000000000000e+00 0.000000000000000000e+00 0.000000000000000000e+00 2.554308699999999765e-01 2.459894800000000104e-01
-1.451504999999999939e+02 -1.451504999999999939e+02 0.000000000000000000e+00 0.000000000000000000e+00 0.000000000000000000e+00 2.514232100000000081e-01 2.437934300000000054e-01
-1.438127100000000098e+02 -1.438127100000000098e+02 0.000000000000000000e+00 0.000000000000000000e+00 0.000000000000000000e+00 2.471009999999999873e-01 2.455235100000000004e-01
-1.424749199999999973e+02 -1.424749199999999973e+02 0.000000000000000000e+00 0.000000000000000000e+00 0.000000000000000000e+00 2.466419499999999987e-01 2.493024600000000035e-01
-1.411371200000000101e+02 -1.411371200000000101e+02 0.000000000000000000e+00 0.000000000000000000e+00 0.000000000000000000e+00 2.526320899999999758e-01 2.513612900000000150e-01
-1.397993299999999977e+02 -1.397993299999999977e+02 0.000000000000000000e+00 0.000000000000000000e+00 0.000000000000000000e+00 2.628519500000000009e-01 2.455698199999999942e-01
-1.384615400000000136e+02 -1.384615400000000136e+02 0.000000000000000000e+00 0.000000000000000000e+00 0.000000000000000000e+00 2.688745599999999847e-01 2.522389299999999723e-01
-1.371237500000000011e+02 -1.371237500000000011e+02 0.000000000000000000e+00 0.000000000000000000e+00 0.000000000000000000e+00 2.660700799999999866e-01 2.713769200000000215e-01
-1.357859500000000139e+02 -1.357859500000000139e+02 0.000000000000000000e+00 0.000000000000000000e+00 0.000000000000000000e+00 2.541118700000000175e-01 2.749613000000000196e-01
-1.344481600000000014e+02 -1.344481600000000014e+02 0.000000000000000000e+00 0.000000000000000000e+00 0.000000000000000000e+00 2.385850599999999877e-01 2.759265200000000084e-01
-1.331103699999999890e+02 -1.331103699999999890e+02 0.000000000000000000e+00 0.000000000000000000e+00 0.000000000000000000e+00 2.549153699999999745e-01 2.803725899999999771e-01
-1.317725800000000049e+02 -1.317725800000000049e+02 0.000000000000000000e+00 0.000000000000000000e+00 0.000000000000000000e+00 2.835490099999999902e-01 2.881439000000000084e-01
-1.304347799999999893e+02 -1.304347799999999893e+02 0.000000000000000000e+00 0.000000000000000000e+00 0.000000000000000000e+00 2.970028200000000007e-01 2.925550299999999937e-01
-1.290969900000000052e+02 -1.290969900000000052e+02 0.000000000000000000e+00 0.000000000000000000e+00 0.000000000000000000e+00 2.990751200000000276e-01 2.899721800000000238e-01
-1.277592000000000070e+02 -1.277592000000000070e+02 0.000000000000000000e+00 0.000000000000000000e+00 0.000000000000000000e+00 2.936774100000000276e-01 2.852308800000000200e-01
-1.264214000000000055e+02 -1.264214000000000055e+02 0.000000000000000000e+00 0.000000000000000000e+00 0.000000000000000000e+00 2.877007300000000156e-01 2.854999400000000076e-01
-1.250836099999999931e+02 -1.250836099999999931e+02 0.000000000000000000e+00 0.000000000000000000e+00 0.000000000000000000e+00 2.866710699999999723e-01 2.903542599999999752e-01
-1.237458199999999948e+02 -1.237458199999999948e+02 0.000000000000000000e+00 0.000000000000000000e+00 0.000000000000000000e+00 2.942347399999999946e-01 2.954770999999999925e-01
-1.224080299999999966e+02 -1.224080299999999966e+02 0.000000000000000000e+00 0.000000000000000000e+00 0.000000000000000000e+00 3.071507700000000174e-01 2.931370400000000154e-01
-1.210702299999999951e+02 -1.210702299999999951e+02 0.000000000000000000e+00 0.000000000000000000e+00 0.000000000000000000e+00 3.147183100000000011e-01 2.873258599999999885e-01
-1.197324399999999969e+02 -1.197324399999999969e+02 0.000000000000000000e+00 0.000000000000000000e+00 0.000000000000000000e+00 3.110807199999999773e-01 3.106299900000000225e-01
-1.183946499999999986e+02 -1.183946499999999986e+02 0.000000000000000000e+00 0.000000000000000000e+00 0.000000000000000000e+00 2.957422900000000188e-01 3.205111199999999827e-01
-1.170568600000000004e+02 -1.170568600000000004e+02 0.000000000000000000e+00 0.000000000000000000e+00 0.000000000000000000e+00 2.769646299999999894e-01 3.220422199999999902e-01
-1.157190599999999989e+02 -1.157190599999999989e+02 0.000000000000000000e+00 0.000000000000000000e+00 0.000000000000000000e+00 2.979266700000000045e-01 3.265471600000000030e-01
-1.143812700000000007e+02 -1.143812700000000007e+02 0.000000000000000000e+00 0.000000000000000000e+00 0.000000000000000000e+00 3.311048500000000061e-01 3.354031699999999727e-01
-1.130434800000000024e+02 -1.130434800000000024e+02 0.000000000000000000e+00 0.000000000000000000e+00 0.000000000000000000e+00 3.471451099999999790e-01 3.428391399999999867e-01
-1.117056900000000041e+02 -1.117056900000000041e+02 0.000000000000000000e+00 0.000000000000000000e+00 0.000000000000000000e+00 3.498921799999999971e-01 3.417727300000000246e-01
-1.103678900000000027e+02 -1.103678900000000027e+02 0.000000000000000000e+00 0.000000000000000000e+00 0.000000000000000000e+00 3.432473100000000277e-01 3.348589499999999886e-01
-1.090301000000000045e+02 -1.090301000000000045e+02 0.000000000000000000e+00 0.000000000000000000e+00 0.000000000000000000e+00 3.354025800000000057e-01 3.322968499999999770e-01
-1.076923100000000062e+02 -1.076923100000000062e+02 0.000000000000000000e+00 0.000000000000000000e+00 0.000000000000000000e+00 3.333785699999999852e-01 3.374677600000000055e-01
-1.063545199999999937e+02 -1.063545199999999937e+02 0.000000000000000000e+00 0.000000000000000000e+00 0.000000000000000000e+00 3.423655400000000237e-01 3.454567199999999949e-01
-1.050167200000000065e+02 -1.050167200000000065e+02 0.000000000000000000e+00 0.000000000000000000e+00 0.000000000000000000e+00 3.582029099999999855e-01 3.479170600000000002e-01
-1.036789299999999940e+02 -1.036789299999999940e+02 0.000000000000000000e+00 0.000000000000000000e+00 0.000000000000000000e+00 3.677141299999999724e-01 3.369057899999999828e-01
-1.023411399999999958e+02 -1.023411399999999958e+02 0.000000000000000000e+00 0.000000000000000000e+00 0.000000000000000000e+00 3.634864700000000060e-01 3.509431700000000265e-01
-1.010033399999999943e+02 -1.010033399999999943e+02 0.000000000000000000e+00 0.000000000000000000e+00 0.000000000000000000e+00 3.444310700000000058e-01 3.717443999999999749e-01
-9.966555200000000525e+01 -9.966555200000000525e+01 0.000000000000000000e+00 0.000000000000000000e+00 0.000000000000000000e+00 3.220898899999999898e-01 3.757523500000000127e-01
-9.832775900000000036e+01 -9.832775900000000036e+01 0.000000000000000000e+00 0.000000000000000000e+00 0.000000000000000000e+00 3.483672199999999775e-01 3.805004200000000059e-01
-9.698996699999999294e+01 -9.698996699999999294e+01 0.000000000000000000e+00 0.000000000000000000e+00 0.000000000000000000e+00 3.860905700000000218e-01 3.899936399999999748e-01
-9.565217400000000225e+01 -9.565217400000000225e+01 0.000000000000000000e+00 0.000000000000000000e+00 0.000000000000000000e+00 4.048997400000000080e-01 4.003667200000000093e-01
-9.431438099999999736e+01 -9.431438099999999736e+01 0.000000000000000000e+00 0.000000000000000000e+00 0.000000000000000000e+00 4.086995600000000173e-01 4.019830799999999926e-01
-9.297658900000000415e+01 -9.297658900000000415e+01 0.000000000000000000e+00 0.000000000000000000e+00 0.000000000000000000e+00 4.011270800000000247e-01 3.940521799999999741e-01
-9.163879599999999925e+01 -9.163879599999999925e+01 0.000000000000000000e+00 0.000000000000000000e+00 0.000000000000000000e+00 3.914309899999999787e-01 3.876064699999999807e-01
-9.030100299999999436e+01 -9.030100299999999436e+01 0.000000000000000000e+00 0.000000000000000000e+00 0.000000000000000000e+00 3.880752499999999827e-01 3.917892099999999989e-01
-8.896321100000000115e+01 -8.896321100000000115e+01 0.000000000000000000e+00 0.000000000000000000e+00 0.000000000000000000e+00 3.982206500000000093e-01 4.023454499999999934e-01
-8.762541799999999625e+01 -8.762541799999999625e+01 0.000000000000000000e+00 0.000000000000000000e+00 0.000000000000000000e+00 4.169692500000000135e-01 4.097517800000000099e-01
-8.628762500000000557e+01 -8.628762500000000557e+01 0.000000000000000000e+00 0.000000000000000000e+00 0.000000000000000000e+00 4.286504700000000057e-01 4.014260399999999840e-01
-8.494983299999999815e+01 -8.494983299999999815e+01 0.000000000000000000e+00 0.000000000000000000e+00 0.000000000000000000e+00 4.240845400000000098e-01 3.960075900000000204e-01
-8.361203999999999326e+01 -8.361203999999999326e+01 0.000000000000000000e+00 0.000000000000000000e+00 0.000000000000000000e+00 4.011236699999999877e-01 4.270962200000000264e-01
-8.227424700000000257e+01 -8.227424700000000257e+01 0.000000000000000000e+00 0.000000000000000000e+00 0.000000000000000000e+00 3.752950400000000242e-01 4.377371299999999743e-01
-8.093645499999999515e+01 -8.093645499999999515e+01 0.000000000000000000e+00 0.000000000000000000e+00 0.000000000000000000e+00 4.077354499999999993e-01 4.433906000000000236e-01
-7.959866200000000447e+01 -7.959866200000000447e+01 0.000000000000000000e+00 0.000000000000000000e+00 0.000000000000000000e+00 4.497578600000000093e-01 4.535849200000000025e-01
-7.826086999999999705e+01 -7.826086999999999705e+01 0.000000000000000000e+00 0.000000000000000000e+00 0.000000000000000000e+00 4.712404800000000171e-01 4.660665900000000028e-01
-7.692307700000000636e+01 -7.692307700000000636e+01 0.000000000000000000e+00 0.000000000000000000e+00 0.000000000000000000e+00 4.763399700000000014e-01 4.712096900000000144e-01
-7.558528400000000147e+01 -7.558528400000000147e+01 0.000000000000000000e+00 0.000000000000000000e+00 0.000000000000000000e+00 4.682933200000000129e-01 4.638237599999999738e-01
-7.424749199999999405e+01 -7.424749199999999405e+01 0.000000000000000000e+00 0.000000000000000000e+00 0.000000000000000000e+00 4.570606600000000075e-01 4.533904100000000215e-01
-7.290969900000000337e+01 -7.290969900000000337e+01 0.000000000000000000e+00 0.000000000000000000e+00 0.000000000000000000e+00 4.522476300000000116e-01 4.548041500000000181e-01
-7.157190599999999847e+01 -7.157190599999999847e+01 0.000000000000000000e+00 0.000000000000000000e+00 0.000000000000000000e+00 4.632348099999999969e-01 4.673323600000000022e-01
-7.023411400000000526e+01 -7.023411400000000526e+01 0.000000000000000000e+00 0.000000000000000000e+00 0.000000000000000000e+00 4.845983099999999766e-01 4.795458300000000063e-01
-6.889632100000000037e+01 -6.889632100000000037e+01 0.000000000000000000e+00 0.000000000000000000e+00 0.000000000000000000e+00 4.983816999999999831e-01 4.772699200000000141e-01
-6.755852799999999547e+01 -6.755852799999999547e+01 0.000000000000000000e+00 0.000000000000000000e+00 0.000000000000000000e+00 4.936202800000000224e-01 4.571139499999999911e-01
-6.622073600000000226e+01 -6.622073600000000226e+01 0.000000000000000000e+00 0.000000000000000000e+00 0.000000000000000000e+00 4.666954200000000275e-01 4.838961600000000196e-01
-6.488294299999999737e+01 -6.488294299999999737e+01 0.000000000000000000e+00 0.000000000000000000e+00 0.000000000000000000e+00 4.380468900000000221e-01 5.078969599999999529e-01
-6.354515099999999705e+01 -6.354515099999999705e+01 0.000000000000000000e+00 0.000000000000000000e+00 0.000000000000000000e+00 4.777527899999999828e-01 5.164728899999999623e-01
-6.220735799999999927e+01 -6.220735799999999927e+01 0.000000000000000000e+00 0.000000000000000000e+00 0.000000000000000000e+00 5.235862199999999911e-01 5.277180500000000496e-01
-6.086956500000000148e+01 -6.086956500000000148e+01 0.000000000000000000e+00 0.000000000000000000e+00 0.000000000000000000e+00 5.472834899999999836e-01 5.413604899999999720e-01
-5.953177300000000116e+01 -5.953177300000000116e+01 0.000000000000000000e+00 0.000000000000000000e+00 0.000000000000000000e+00 5.536694500000000074e-01 5.501299699999999682e-01
-5.819398000000000337e+01 -5.819398000000000337e+01 0.000000000000000000e+00 0.000000000000000000e+00 0.000000000000000000e+00 5.456612600000000368e-01 5.448094199999999887e-01
-5.685618699999999848e+01 -5.685618699999999848e+01 0.000000000000000000e+00 0.000000000000000000e+00 0.000000000000000000e+00 5.335519199999999573e-01 5.314791700000000008e-01
-5.551839499999999816e+01 -5.551839499999999816e+01 0.000000000000000000e+00 0.000000000000000000e+00 0.000000000000000000e+00 5.275057100000000165e-01 5.284485199999999772e-01
-5.418060200000000037e+01 -5.418060200000000037e+01 0.000000000000000000e+00 0.000000000000000000e+00 0.000000000000000000e+00 5.390493100000000037e-01 5.417900700000000125e-01
-5.284280900000000258e+01 -5.284280900000000258e+01 0.000000000000000000e+00 0.000000000000000000e+00 0.000000000000000000e+00 5.623992199999999775e-01 5.585764399999999519e-01
-5.150501700000000227e+01 -5.150501700000000227e+01 0.000000000000000000e+00 0.000000000000000000e+00 0.000000000000000000e+00 5.777898900000000282e-01 5.628674500000000469e-01
-5.016722399999999737e+01 -5.016722399999999737e+01 0.000000000000000000e+00 0.000000000000000000e+00 0.000000000000000000e+00 5.727183000000000135e-01 5.403127399999999581e-01
-4.882943099999999959e+01 -4.882943099999999959e+01 0.000000000000000000e+00 0.000000000000000000e+00 0.000000000000000000e+00 5.418549900000000363e-01 5.422485299999999508e-01
-4.749163899999999927e+01 -4.749163899999999927e+01 0.000000000000000000e+00 0.000000000000000000e+00 0.000000000000000000e+00 5.118834399999999674e-01 5.845391300000000179e-01
-4.615384600000000148e+01 -4.615384600000000148e+01 0.000000000000000000e+00 0.000000000000000000e+00 0.000000000000000000e+00 5.602981200000000106e-01 6.007805299999999793e-01
-4.481605400000000117e+01 -4.481605400000000117e+01 0.000000000000000000e+00 0.000000000000000000e+00 0.000000000000000000e+00 6.092217699999999958e-01 6.138399900000000020e-01
-4.347826100000000338e+01 -4.347826100000000338e+01 0.000000000000000000e+00 0.000000000000000000e+00 0.000000000000000000e+00 6.342211399999999610e-01 6.282425299999999657e-01
-4.214046799999999848e+01 -4.214046799999999848e+01 0.000000000000000000e+00 0.000000000000000000e+00 0.000000000000000000e+00 6.414784799999999620e-01 6.394559899999999741e-01
-4.080267599999999817e+01 -4.080267599999999817e+01 0.000000000000000000e+00 0.000000000000000000e+00 0.000000000000000000e+00 6.339897599999999578e-01 6.373070100000000071e-01
-3.946488300000000038e+01 -3.946488300000000038e+01 0.000000000000000000e+00 0.000000000000000000e+00 0.000000000000000000e+00 6.220495099999999722e-01 6.230678400000000394e-01
-3.812709000000000259e+01 -3.812709000000000259e+01 0.000000000000000000e+00 0.000000000000000000e+00 0.000000000000000000e+00 6.154914400000000008e-01 6.150123299999999960e-01
-3.678929800000000228e+01 -3.678929800000000228e+01 0.000000000000000000e+00 0.000000000000000000e+00 0.000000000000000000e+00 6.274098000000000175e-01 6.273859400000000308e-01
-3.545150499999999738e+01 -3.545150499999999738e+01 0.000000000000000000e+00 0.000000000000000000e+00 0.000000000000000000e+00 6.517025300000000021e-01 6.482086200000000131e-01
-3.411371199999999959e+01 -3.411371199999999959e+01 0.000000000000000000e+00 0.000000000000000000e+00 0.000000000000000000e+00 6.676103700000000085e-01 6.584649399999999986e-01
-3.277591999999999928e+01 -3.277591999999999928e+01 0.000000000000000000e+00 0.000000000000000000e+00 0.000000000000000000e+00 6.616796400000000133e-01 6.408752300000000179e-01
-3.143812700000000149e+01 -3.143812700000000149e+01 0.000000000000000000e+00 0.000000000000000000e+00 0.000000000000000000e+00 6.269437799999999505e-01 6.127337099999999870e-01
-3.010033400000000015e+01 -3.010033400000000015e+01 0.000000000000000000e+00 0.000000000000000000e+00 0.000000000000000000e+00 5.982965399999999878e-01 6.635613399999999995e-01
-2.876254199999999983e+01 -2.876254199999999983e+01 0.000000000000000000e+00 0.000000000000000000e+00 0.000000000000000000e+00 6.572683400000000065e-01 6.965068399999999604e-01
-2.742474899999999849e+01 -2.742474899999999849e+01 0.000000000000000000e+00 0.000000000000000000e+00 0.000000000000000000e+00 7.082789000000000446e-01 7.134503899999999899e-01
-2.608695700000000173e+01 -2.608695700000000173e+01 0.000000000000000000e+00 0.000000000000000000e+00 0.000000000000000000e+00 7.330646199999999446e-01 7.285082299999999789e-01
-2.474916400000000039e+01 -2.474916400000000039e+01 0.000000000000000000e+00 0.000000000000000000e+00 0.000000000000000000e+00 7.402099300000000159e-01 7.398328699999999758e-01
-2.341137099999999904e+01 -2.341137099999999904e+01 0.000000000000000000e+00 0.000000000000000000e+00 0.000000000000000000e+00 7.336289499999999464e-01 7.410486400000000362e-01
-2.207357899999999873e+01 -2.207357899999999873e+01 0.000000000000000000e+00 0.000000000000000000e+00 0.000000000000000000e+00 7.233978399999999587e-01 7.282865800000000167e-01
-2.073578600000000094e+01 -2.073578600000000094e+01 0.000000000000000000e+00 0.000000000000000000e+00 0.000000000000000000e+00 7.177208299999999763e-01 7.166438400000000319e-01
-1.939799299999999960e+01 -1.939799299999999960e+01 0.000000000000000000e+00 0.000000000000000000e+00 0.000000000000000000e+00 7.298954500000000012e-01 7.262162199999999679e-01
-1.806020099999999928e+01 -1.806020099999999928e+01 0.000000000000000000e+00 0.000000000000000000e+00 0.000000000000000000e+00 7.533943400000000512e-01 7.496619799999999501e-01
-1.672240800000000149e+01 -1.672240800000000149e+01 0.000000000000000000e+00 0.000000000000000000e+00 0.000000000000000000e+00 7.678244400000000525e-01 7.643595800000000384e-01
-1.538461500000000015e+01 -1.538461500000000015e+01 0.000000000000000000e+00 0.000000000000000000e+00 0.000000000000000000e+00 7.598359999999999559e-01 7.527802099999999497e-01
-1.404682299999999984e+01 -1.404682299999999984e+01 0.000000000000000000e+00 0.000000000000000000e+00 0.000000000000000000e+00 7.214091000000000253e-01 7.086375599999999997e-01
-1.270903000000000027e+01 -1.270903000000000027e+01 0.000000000000000000e+00 0.000000000000000000e+00 0.000000000000000000e+00 6.985118299999999447e-01 7.398159600000000502e-01
-1.137123700000000071e+01 -1.137123700000000071e+01 0.000000000000000000e+00 0.000000000000000000e+00 0.000000000000000000e+00 7.702765999999999780e-01 8.020277500000000392e-01
-1.003344500000000039e+01 -1.003344500000000039e+01 0.000000000000000000e+00 0.000000000000000000e+00 0.000000000000000000e+00 8.217143700000000273e-01 8.276686800000000455e-01
-8.695652199999999610e+00 -8.695652199999999610e+00 0.000000000000000000e+00 0.000000000000000000e+00 0.000000000000000000e+00 8.437411000000000216e-01 8.426549700000000032e-01
-7.357859499999999997e+00 -7.357859499999999997e+00 0.000000000000000000e+00 0.000000000000000000e+00 0.000000000000000000e+00 8.489870299999999759e-01 8.510738599999999598e-01
-6.020066899999999777e+00 -6.020066899999999777e+00 0.000000000000000000e+00 0.000000000000000000e+00 0.000000000000000000e+00 8.437872899999999676e-01 8.541145599999999671e-01
-4.682274200000000164e+00 -4.682274200000000164e+00 0.000000000000000000e+00 0.000000000000000000e+00 0.000000000000000000e+00 8.378364400000000156e-01 8.456627500000000186e-01
-3.344481599999999943e+00 -3.344481599999999943e+00 0.000000000000000000e+00 0.000000000000000000e+00 0.000000000000000000e+00 8.353668400000000549e-01 8.347021799999999603e-01
-2.006689000000000167e+00 -2.006689000000000167e+00 0.000000000000000000e+00 0.000000000000000000e+00 0.000000000000000000e+00 8.470138600000000073e-01 8.408557700000000024e-01
-6.688963199999999887e-01 -6.688963199999999887e-01 0.000000000000000000e+00 0.000000000000000000e+00 0.000000000000000000e+00 8.659954600000000502e-01 8.629827500000000207e-01
6.688963199999999887e-01 6.688963199999999887e-01 0.000000000000000000e+00 0.000000000000000000e+00 0.000000000000000000e+00 8.751179000000000041e-01 8.778144199999999842e-01
2.006689000000000167e+00 2.006689000000000167e+00 0.000000000000000000e+00 0.000000000000000000e+00 0.000000000000000000e+00 8.630466199999999866e-01 8.690953599999999835e-01
3.344481599999999943e+00 3.344481599999999943e+00 0.000000000000000000e+00 0.000000000000000000e+00 0.000000000000000000e+00 8.222861500000000490e-01 8.241695199999999888e-01
4.682274200000000164e+00 4.682274200000000164e+00 0.000000000000000000e+00 0.000000000000000000e+00 0.000000000000000000e+00 8.135826200000000341e-01 8.153904199999999491e-01
6.020066899999999777e+00 6.020066899999999777e+00 0.000000000000000000e+00 0.000000000000000000e+00 0.000000000000000000e+00 8.997224799999999911e-01 9.132666799999999974e-01
7.357859499999999997e+00 7.357859499999999997e+00 0.000000000000000000e+00 0.000000000000000000e+00 0.000000000000000000e+00 9.467672299999999597e-01 9.552641800000000183e-01
8.695652199999999610e+00 8.695652199999999610e+00 0.000000000000000000e+00 0.000000000000000000e+00 0.000000000000000000e+00 9.606491799999999914e-01 9.658652800000000482e-01
1.003344500000000039e+01 1.003344500000000039e+01 0.000000000000000000e+00 0.000000000000000000e+00 0.000000000000000000e+00 9.614482100000000253e-01 9.661278899999999892e-01
1.137123700000000071e+01 1.137123700000000071e+01 0.000000000000000000e+00 0.000000000000000000e+00 0.000000000000000000e+00 9.610859099999999877e-01 9.692613399999999713e-01
1.270903000000000027e+01 1.270903000000000027e+01 0.000000000000000000e+00 0.000000000000000000e+00 0.000000000000000000e+00 9.670506100000000327e-01 9.733473599999999948e-01
1.404682299999999984e+01 1.404682299999999984e+01 0.000000000000000000e+00 0.000000000000000000e+00 0.000000000000000000e+00 9.697570399999999591e-01 9.735580200000000239e-01
1.538461500000000015e+01 1.538461500000000015e+01 0.000000000000000000e+00 0.000000000000000000e+00 0.000000000000000000e+00 9.688718699999999684e-01 9.717061900000000252e-01
1.672240800000000149e+01 1.672240800000000149e+01 0.000000000000000000e+00 0.000000000000000000e+00 0.000000000000000000e+00 9.657450800000000335e-01 9.686735699999999838e-01
1.806020099999999928e+01 1.806020099999999928e+01 0.000000000000000000e+00 0.000000000000000000e+00 0.000000000000000000e+00 9.608855699999999667e-01 9.649847499999999467e-01
1.939799299999999960e+01 1.939799299999999960e+01 0.000000000000000000e+00 0.000000000000000000e+00 0.000000000000000000e+00 9.547389800000000148e-01 9.605455800000000099e-01
2.073578600000000094e+01 2.073578600000000094e+01 0.000000000000000000e+00 0.000000000000000000e+00 0.000000000000000000e+00 9.468716200000000249e-01 9.540761300000000222e-01
2.207357899999999873e+01 2.207357899999999873e+01 0.000000000000000000e+00 0.000000000000000000e+00 0.000000000000000000e+00 9.346147900000000286e-01 9.431799299999999997e-01
2.341137099999999904e+01 2.341137099999999904e+01 0.000000000000000000e+00 0.000000000000000000e+00 0.000000000000000000e+00 9.116490000000000427e-01 9.227101699999999962e-01
2.474916400000000039e+01 2.474916400000000039e+01 0.000000000000000000e+00 0.000000000000000000e+00 0.000000000000000000e+00 8.612419700000000233e-01 8.790751300000000379e-01
2.608695700000000173e+01 2.608695700000000173e+01 0.000000000000000000e+00 0.000000000000000000e+00 0.000000000000000000e+00 7.325770700000000524e-01 7.711699800000000327e-01
2.742474899999999849e+01 2.742474899999999849e+01 0.000000000000000000e+00 0.000000000000000000e+00 0.000000000000000000e+00 4.025070900000000118e-01 4.792712900000000165e-01
2.876254199999999983e+01 2.876254199999999983e+01 0.000000000000000000e+00 0.000000000000000000e+00 0.000000000000000000e+00 3.145807999999999938e-02 9.057925799999999583e-02
3.010033400000000015e+01 3.010033400000000015e+01 0.000000000000000000e+00 0.000000000000000000e+00 0.000000000000000000e+00 1.615456299999999956e-01 2.157178299999999993e-01
3.143812700000000149e+01 3.143812700000000149e+01 0.000000000000000000e+00 0.000000000000000000e+00 0.000000000000000000e+00 3.102354700000000132e-01 3.284658899999999826e-01
3.277591999999999928e+01 3.277591999999999928e+01 0.000000000000000000e+00 0.000000000000000000e+00 0.000000000000000000e+00 3.090370599999999746e-01 2.829383999999999788e-01
3.411371199999999959e+01 3.411371199999999959e+01 0.000000000000000000e+00 0.000000000000000000e+00 0.000000000000000000e+00 1.978617500000000029e-01 1.476696500000000134e-01
3.545150499999999738e+01 3.545150499999999738e+01 0.000000000000000000e+00 0.000000000000000000e+00 0.000000000000000000e+00 5.722893400000000214e-02 4.127882399999999868e-02
3.678929800000000228e+01 3.678929800000000228e+01 0.000000000000000000e+00 0.000000000000000000e+00 0.000000000000000000e+00 9.371204299999999834e-03 6.437783499999999437e-02
3.812709000000000259e+01 3.812709000000000259e+01 0.000000000000000000e+00 0.000000000000000000e+00 0.000000000000000000e+00 7.088766200000000406e-02 1.436452000000000007e-01
3.946488300000000038e+01 3.946488300000000038e+01 0.000000000000000000e+00 0.000000000000000000e+00 0.000000000000000000e+00 1.438852899999999990e-01 1.745801499999999895e-01
4.080267599999999817e+01 4.080267599999999817e+01 0.000000000000000000e+00 0.000000000000000000e+00 0.000000000000000000e+00 1.635694699999999946e-01 1.368585300000000060e-01
4.214046799999999848e+01 4.214046799999999848e+01 0.000000000000000000e+00 0.000000000000000000e+00 0.000000000000000000e+00 1.235181199999999951e-01 6.471213200000000554e-02
4.347826100000000338e+01 4.347826100000000338e+01 0.000000000000000000e+00 0.000000000000000000e+00 0.000000000000000000e+00 5.497139699999999823e-02 1.951136100000000137e-02
4.481605400000000117e+01 4.481605400000000117e+01 0.000000000000000000e+00 0.000000000000000000e+00 0.000000000000000000e+00 1.110018299999999958e-02 3.691271299999999977e-02
4.615384600000000148e+01 4.615384600000000148e+01 0.000000000000000000e+00 0.000000000000000000e+00 0.000000000000000000e+00 2.239108000000000070e-02 8.444965799999999689e-02
4.749163899999999927e+01 4.749163899999999927e+01 0.000000000000000000e+00 0.000000000000000000e+00 0.000000000000000000e+00 6.523657200000000655e-02 1.094109500000000068e-01
4.882943099999999959e+01 4.882943099999999959e+01 0.000000000000000000e+00 0.000000000000000000e+00 0.000000000000000000e+00 9.649649400000000210e-02 9.192271300000000311e-02
5.016722399999999737e+01 5.016722399999999737e+01 0.000000000000000000e+00 0.000000000000000000e+00 0.000000000000000000e+00 9.314737300000000553e-02 4.818050000000000110e-02
5.150501700000000227e+01 5.150501700000000227e+01 0.000000000000000000e+00 0.000000000000000000e+00 0.000000000000000000e+00 5.979402500000000065e-02 1.491601000000000038e-02
5.284280900000000258e+01 5.284280900000000258e+01 0.000000000000000000e+00 0.000000000000000000e+00 0.000000000000000000e+00 2.210117899999999858e-02 1.894298700000000141e-02
5.418060200000000037e+01 5.418060200000000037e+01 0.000000000000000000e+00 0.000000000000000000e+00 0.000000000000000000e+00 8.708209800000000014e-03 4.962500499999999981e-02
5.551839499999999816e+01 5.551839499999999816e+01 0.000000000000000000e+00 0.000000000000000000e+00 0.000000000000000000e+00 2.575409199999999926e-02 7.380197400000000629e-02
5.685618699999999848e+01 5.685618699999999848e+01 0.000000000000000000e+00 0.000000000000000000e+00 0.000000000000000000e+00 5.330984799999999996e-02 7.035180300000000442e-02
5.819398000000000337e+01 5.819398000000000337e+01 0.000000000000000000e+00 0.000000000000000000e+00 0.000000000000000000e+00 6.731453599999999426e-02 4.330028400000000138e-02
5.953177300000000116e+01 5.953177300000000116e+01 0.000000000000000000e+00 0.000000000000000000e+00 0.000000000000000000e+00 5.783930899999999847e-02 1.548743900000000041e-02
6.086956500000000148e+01 6.086956500000000148e+01 0.000000000000000000e+00 0.000000000000000000e+00 0.000000000000000000e+00 3.283850700000000289e-02 9.910024499999999653e-03
6.220735799999999927e+01 6.220735799999999927e+01 0.000000000000000000e+00 0.000000000000000000e+00 0.000000000000000000e+00 1.159684700000000040e-02 2.815283400000000158e-02
6.354515099999999705e+01 6.354515099999999705e+01 0.000000000000000000e+00 0.000000000000000000e+00 0.000000000000000000e+00 9.640986000000000694e-03 5.016238800000000220e-02
6.488294299999999737e+01 6.488294299999999737e+01 0.000000000000000000e+00 0.000000000000000000e+00 0.000000000000000000e+00 2.539866500000000082e-02 5.571343899999999655e-02
6.622073600000000226e+01 6.622073600000000226e+01 0.000000000000000000e+00 0.000000000000000000e+00 0.000000000000000000e+00 4.337785300000000094e-02 4.074103300000000288e-02
6.755852799999999547e+01 6.755852799999999547e+01 0.000000000000000000e+00 0.000000000000000000e+00 0.000000000000000000e+00 4.878136000000000277e-02 1.813432800000000164e-02
6.889632100000000037e+01 6.889632100000000037e+01 0.000000000000000000e+00 0.000000000000000000e+00 0.000000000000000000e+00 3.794220200000000126e-02 6.821727999999999993e-03
7.023411400000000526e+01 7.023411400000000526e+01 0.000000000000000000e+00 0.000000000000000000e+00 0.000000000000000000e+00 1.951321699999999937e-02 1.506040999999999977e-02
7.157190599999999847e+01 7.157190599999999847e+01 0.000000000000000000e+00 0.000000000000000000e+00 0.000000000000000000e+00 7.661026500000000204e-03 3.301451100000000333e-02
7.290969900000000337e+01 7.290969900000000337e+01 0.000000000000000000e+00 0.000000000000000000e+00 0.000000000000000000e+00 1.059509399999999935e-02 4.358412999999999871e-02
7.424749199999999405e+01 7.424749199999999405e+01 0.000000000000000000e+00 0.000000000000000000e+00 0.000000000000000000e+00 2.391379800000000000e-02 3.787873600000000313e-02
7.558528400000000147e+01 7.558528400000000147e+01 0.000000000000000000e+00 0.000000000000000000e+00 0.000000000000000000e+00 3.557448800000000133e-02 2.106456599999999985e-02
7.692307700000000636e+01 7.692307700000000636e+01 0.000000000000000000e+00 0.000000000000000000e+00 0.000000000000000000e+00 3.625896199999999875e-02 7.348656799999999691e-03
7.826086999999999705e+01 7.826086999999999705e+01 0.000000000000000000e+00 0.000000000000000000e+00 0.000000000000000000e+00 2.573793900000000134e-02 7.829892499999999492e-03
7.959866200000000447e+01 7.959866200000000447e+01 0.000000000000000000e+00 0.000000000000000000e+00 0.000000000000000000e+00 1.229896800000000040e-02 2.047013199999999852e-02
8.093645499999999515e+01 8.093645499999999515e+01 0.000000000000000000e+00 0.000000000000000000e+00 0.000000000000000000e+00 6.188016499999999913e-03 3.280587199999999981e-02
8.227424700000000257e+01 8.227424700000000257e+01 0.000000000000000000e+00 0.000000000000000000e+00 0.000000000000000000e+00 1.124501699999999951e-02 3.393771599999999972e-02
8.361203999999999326e+01 8.361203999999999326e+01 0.000000000000000000e+00 0.000000000000000000e+00 0.000000000000000000e+00 2.208575800000000047e-02 2.317496299999999981e-02
8.494983299999999815e+01 8.494983299999999815e+01 0.000000000000000000e+00 0.000000000000000000e+00 0.000000000000000000e+00 2.936248799999999909e-02 9.727602300000000660e-03
8.628762500000000557e+01 8.628762500000000557e+01 0.000000000000000000e+00 0.000000000000000000e+00 0.000000000000000000e+00 2.736208899999999916e-02 4.812273500000000329e-03
8.762541799999999625e+01 8.762541799999999625e+01 0.000000000000000000e+00 0.000000000000000000e+00 0.000000000000000000e+00 1.782515499999999878e-02 1.176070899999999940e-02
8.896321100000000115e+01 8.896321100000000115e+01 0.000000000000000000e+00 0.000000000000000000e+00 0.000000000000000000e+00 8.219940099999999833e-03 2.331573500000000063e-02
9.030100299999999436e+01 9.030100299999999436e+01 0.000000000000000000e+00 0.000000000000000000e+00 0.000000000000000000e+00 5.773933900000000063e-03 2.891637500000000111e-02
9.163879599999999925e+01 9.163879599999999925e+01 0.000000000000000000e+00 0.000000000000000000e+00 0.000000000000000000e+00 1.160192399999999957e-02 2.387728500000000156e-02
9.297658900000000415e+01 9.297658900000000415e+01 0.000000000000000000e+00 0.000000000000000000e+00 0.000000000000000000e+00 2.017152399999999970e-02 1.262618700000000052e-02
9.431438099999999736e+01 9.431438099999999736e+01 0.000000000000000000e+00 0.000000000000000000e+00 0.000000000000000000e+00 2.430733800000000125e-02 4.674144499999999605e-03
9.565217400000000225e+01 9.565217400000000225e+01 0.000000000000000000e+00 0.000000000000000000e+00 0.000000000000000000e+00 2.080971399999999999e-02 6.388700700000000433e-03
9.698996699999999294e+01 9.698996699999999294e+01 0.000000000000000000e+00 0.000000000000000000e+00 0.000000000000000000e+00 1.252207099999999920e-02 1.539706499999999971e-02
9.832775900000000036e+01 9.832775900000000036e+01 0.000000000000000000e+00 0.000000000000000000e+00 0.000000000000000000e+00 5.904687399999999746e-03 2.320363799999999865e-02
9.966555200000000525e+01 9.966555200000000525e+01 0.000000000000000000e+00 0.000000000000000000e+00 0.000000000000000000e+00 5.836706599999999870e-03 2.299797400000000089e-02
1.010033399999999943e+02 1.010033399999999943e+02 0.000000000000000000e+00 0.000000000000000000e+00 0.000000000000000000e+00 1.170880499999999921e-02 1.509261800000000035e-02
1.023411399999999958e+02 1.023411399999999958e+02 0.000000000000000000e+00 0.000000000000000000e+00 0.000000000000000000e+00 1.826250700000000074e-02 6.244988199999999996e-03
1.036789299999999940e+02 1.036789299999999940e+02 0.000000000000000000e+00 0.000000000000000000e+00 0.000000000000000000e+00 2.011556700000000086e-02 3.821672199999999985e-03
1.050167200000000065e+02 1.050167200000000065e+02 0.000000000000000000e+00 0.000000000000000000e+00 0.000000000000000000e+00 1.586895400000000109e-02 9.344326000000000021e-03
1.063545199999999937e+02 1.063545199999999937e+02 0.000000000000000000e+00 0.000000000000000000e+00 0.000000000000000000e+00 8.913762000000000421e-03 1.736694600000000116e-02
1.076923100000000062e+02 1.076923100000000062e+02 0.000000000000000000e+00 0.000000000000000000e+00 0.000000000000000000e+00 4.642772600000000076e-03 2.069051300000000065e-02
1.090301000000000045e+02 1.090301000000000045e+02 0.000000000000000000e+00 0.000000000000000000e+00 0.000000000000000000e+00 6.098986699999999622e-03 1.653430900000000051e-02
1.103678900000000027e+02 1.103678900000000027e+02 0.000000000000000000e+00 0.000000000000000000e+00 0.000000000000000000e+00 1.160289699999999917e-02 8.515438499999999911e-03
1.117056900000000041e+02 1.117056900000000041e+02 0.000000000000000000e+00 0.000000000000000000e+00 0.000000000000000000e+00 1.639578300000000058e-02 3.415501799999999880e-03
1.130434800000000024e+02 1.130434800000000024e+02 0.000000000000000000e+00 0.000000000000000000e+00 0.000000000000000000e+00 1.659411599999999903e-02 5.297450000000000422e-03
1.143812700000000007e+02 1.143812700000000007e+02 0.000000000000000000e+00 0.000000000000000000e+00 0.000000000000000000e+00 1.209413600000000012e-02 1.199767499999999931e-02
1.157190599999999989e+02 1.157190599999999989e+02 0.000000000000000000e+00 0.000000000000000000e+00 0.000000000000000000e+00 6.460873899999999663e-03 1.734190500000000121e-02
1.170568600000000004e+02 1.170568600000000004e+02 0.000000000000000000e+00 0.000000000000000000e+00 0.000000000000000000e+00 4.030593499999999586e-03 1.669151099999999915e-02
1.183946499999999986e+02 1.183946499999999986e+02 0.000000000000000000e+00 0.000000000000000000e+00 0.000000000000000000e+00 6.415164600000000314e-03 1.068028499999999943e-02
1.197324399999999969e+02 1.197324399999999969e+02 0.000000000000000000e+00 0.000000000000000000e+00 0.000000000000000000e+00 1.131503799999999949e-02 4.445726799999999944e-03
1.210702299999999951e+02 1.210702299999999951e+02 0.000000000000000000e+00 0.000000000000000000e+00 0.000000000000000000e+00 1.459063799999999952e-02 3.176127300000000046e-03
1.224080299999999966e+02 1.224080299999999966e+02 0.000000000000000000e+00 0.000000000000000000e+00 0.000000000000000000e+00 1.361472199999999924e-02 7.590754299999999573e-03
1.237458199999999948e+02 1.237458199999999948e+02 0.000000000000000000e+00 0.000000000000000000e+00 0.000000000000000000e+00 9.198444599999999402e-03 1.347164000000000000e-02
1.250836099999999931e+02 1.250836099999999931e+02 0.000000000000000000e+00 0.000000000000000000e+00 0.000000000000000000e+00 4.823073399999999906e-03 1.559286399999999968e-02
1.264214000000000055e+02 1.264214000000000055e+02 0.000000000000000000e+00 0.000000000000000000e+00 0.000000000000000000e+00 3.821230100000000147e-03 1.217748700000000073e-02
1.277592000000000070e+02 1.277592000000000070e+02 0.000000000000000000e+00 0.000000000000000000e+00 0.000000000000000000e+00 6.703923199999999721e-03 6.185231200000000304e-03
1.290969900000000052e+02 1.290969900000000052e+02 0.000000000000000000e+00 0.000000000000000000e+00 0.000000000000000000e+00 1.087234200000000012e-02 2.686366600000000132e-03
1.304347799999999893e+02 1.304347799999999893e+02 0.000000000000000000e+00 0.000000000000000000e+00 0.000000000000000000e+00 1.286120099999999919e-02 4.461442300000000027e-03
1.317725800000000049e+02 1.317725800000000049e+02 0.000000000000000000e+00 0.000000000000000000e+00 0.000000000000000000e+00 1.108993900000000005e-02 9.628206999999999738e-03
1.331103699999999890e+02 1.331103699999999890e+02 0.000000000000000000e+00 0.000000000000000000e+00 0.000000000000000000e+00 6.986930799999999976e-03 1.349069200000000031e-02
1.344481600000000014e+02 1.344481600000000014e+02 0.000000000000000000e+00 0.000000000000000000e+00 0.000000000000000000e+00 3.772224199999999871e-03 1.270390499999999971e-02
1.357859500000000139e+02 1.357859500000000139e+02 0.000000000000000000e+00 0.000000000000000000e+00 0.000000000000000000e+00 3.854543299999999874e-03 7.989436900000000674e-03
1.371237500000000011e+02 1.371237500000000011e+02 0.000000000000000000e+00 0.000000000000000000e+00 0.000000000000000000e+00 6.918996999999999648e-03 3.377093500000000019e-03
1.384615400000000136e+02 1.384615400000000136e+02 0.000000000000000000e+00 0.000000000000000000e+00 0.000000000000000000e+00 1.030041299999999958e-02 2.705948200000000189e-03
1.397993299999999977e+02 1.397993299999999977e+02 0.000000000000000000e+00 0.000000000000000000e+00 0.000000000000000000e+00 1.122038600000000060e-02 6.294233699999999578e-03
1.411371200000000101e+02 1.411371200000000101e+02 0.000000000000000000e+00 0.000000000000000000e+00 0.000000000000000000e+00 8.957858100000000434e-03 1.078073899999999925e-02
1.424749199999999973e+02 1.424749199999999973e+02 0.000000000000000000e+00 0.000000000000000000e+00 0.000000000000000000e+00 5.319939099999999692e-03 1.220160799999999920e-02
1.438127100000000098e+02 1.438127100000000098e+02 0.000000000000000000e+00 0.000000000000000000e+00 0.000000000000000000e+00 3.147322900000000014e-03 9.365082699999999205e-03
1.451504999999999939e+02 1.451504999999999939e+02 0.000000000000000000e+00 0.000000000000000000e+00 0.000000000000000000e+00 4.022005599999999709e-03 4.723733299999999594e-03
1.464882900000000063e+02 1.464882900000000063e+02 0.000000000000000000e+00 0.000000000000000000e+00 0.000000000000000000e+00 7.035194800000000095e-03 2.207173000000000208e-03
1.478260899999999936e+02 1.478260899999999936e+02 0.000000000000000000e+00 0.000000000000000000e+00 0.000000000000000000e+00 9.624449900000000072e-03 3.812785200000000027e-03
1.491638800000000060e+02 1.491638800000000060e+02 0.000000000000000000e+00 0.000000000000000000e+00 0.000000000000000000e+00 9.680833999999999273e-03 7.914331099999999744e-03
1.505016699999999901e+02 1.505016699999999901e+02 0.000000000000000000e+00 0.000000000000000000e+00 0.000000000000000000e+00 7.172394799999999744e-03 1.081739100000000085e-02
1.518394600000000025e+02 1.518394600000000025e+02 0.000000000000000000e+00 0.000000000000000000e+00 0.000000000000000000e+00 4.092172100000000291e-03 1.001039899999999969e-02
1.531772599999999898e+02 1.531772599999999898e+02 0.000000000000000000e+00 0.000000000000000000e+00 0.000000000000000000e+00 2.829633099999999835e-03 6.216527900000000210e-03
1.545150500000000022e+02 1.545150500000000022e+02 0.000000000000000000e+00 0.000000000000000000e+00 0.000000000000000000e+00 4.247999199999999767e-03 2.679545000000000191e-03
1.558528399999999863e+02 1.558528399999999863e+02 0.000000000000000000e+00 0.000000000000000000e+00 0.000000000000000000e+00 7.041025599999999572e-03 2.345171699999999866e-03
1.571906400000000019e+02 1.571906400000000019e+02 0.000000000000000000e+00 0.000000000000000000e+00 0.000000000000000000e+00 8.869671200000000047e-03 5.313666699999999680e-03
1.585284299999999860e+02 1.585284299999999860e+02 0.000000000000000000e+00 0.000000000000000000e+00 0.000000000000000000e+00 8.254676799999999259e-03 8.841557499999999625e-03
1.598662199999999984e+02 1.598662199999999984e+02 0.000000000000000000e+00 0.000000000000000000e+00 0.000000000000000000e+00 5.696850100000000298e-03 9.823543900000000426e-03
1.612040100000000109e+02 1.612040100000000109e+02 0.000000000000000000e+00 0.000000000000000000e+00 0.000000000000000000e+00 3.220436699999999937e-03 7.435124100000000021e-03
1.625418099999999981e+02 1.625418099999999981e+02 0.000000000000000000e+00 0.000000000000000000e+00 0.000000000000000000e+00 2.728435600000000179e-03 3.738777200000000054e-03
1.638796000000000106e+02 1.638796000000000106e+02 0.000000000000000000e+00 0.000000000000000000e+00 0.000000000000000000e+00 4.479188099999999867e-03 1.866076900000000023e-03
1.652173899999999946e+02 1.652173899999999946e+02 0.000000000000000000e+00 0.000000000000000000e+00 0.000000000000000000e+00 6.934702499999999790e-03 3.302179900000000012e-03
1.665551800000000071e+02 1.665551800000000071e+02 0.000000000000000000e+00 0.000000000000000000e+00 0.000000000000000000e+00 8.061190100000000663e-03 6.635120000000000427e-03
1.678929799999999943e+02 1.678929799999999943e+02 0.000000000000000000e+00 0.000000000000000000e+00 0.000000000000000000e+00 6.952866299999999923e-03 8.881530900000000200e-03
1.692307700000000068e+02 1.692307700000000068e+02 0.000000000000000000e+00 0.000000000000000000e+00 0.000000000000000000e+00 4.500044899999999792e-03 8.098712500000000702e-03
1.705685599999999909e+02 1.705685599999999909e+02 0.000000000000000000e+00 0.000000000000000000e+00 0.000000000000000000e+00 2.636325799999999966e-03 4.979942299999999891e-03
1.719063500000000033e+02 1.719063500000000033e+02 0.000000000000000000e+00 0.000000000000000000e+00 0.000000000000000000e+00 2.772771299999999932e-03 2.192643599999999967e-03
1.732441499999999905e+02 1.732441499999999905e+02 0.000000000000000000e+00 0.000000000000000000e+00 0.000000000000000000e+00 4.678319299999999896e-03 2.059934099999999844e-03
1.745819400000000030e+02 1.745819400000000030e+02 0.000000000000000000e+00 0.000000000000000000e+00 0.000000000000000000e+00 6.721403499999999663e-03 4.555906900000000065e-03
1.759197299999999871e+02 1.759197299999999871e+02 0.000000000000000000e+00 0.000000000000000000e+00 0.000000000000000000e+00 7.223703300000000257e-03 7.396068000000000434e-03
1.772575300000000027e+02 1.772575300000000027e+02 0.000000000000000000e+00 0.000000000000000000e+00 0.000000000000000000e+00 5.784478000000000016e-03 8.086811899999999179e-03
1.785953199999999867e+02 1.785953199999999867e+02 0.000000000000000000e+00 0.000000000000000000e+00 0.000000000000000000e+00 3.553638799999999862e-03 6.047834700000000001e-03
1.799331099999999992e+02 1.799331099999999992e+02 0.000000000000000000e+00 0.000000000000000000e+00 0.000000000000000000e+00 2.281697400000000202e-03 3.038498599999999925e-03
1.812709000000000117e+02 1.812709000000000117e+02 0.000000000000000000e+00 0.000000000000000000e+00 0.000000000000000000e+00 2.906201699999999988e-03 1.610091300000000012e-03
1.826086999999999989e+02 1.826086999999999989e+02 0.000000000000000000e+00 0.000000000000000000e+00 0.000000000000000000e+00 4.820301600000000131e-03 2.894472300000000033e-03
1.839464900000000114e+02 1.839464900000000114e+02 0.000000000000000000e+00 0.000000000000000000e+00 0.000000000000000000e+00 6.411547899999999953e-03 5.654986499999999604e-03
1.852842799999999954e+02 1.852842799999999954e+02 0.000000000000000000e+00 0.000000000000000000e+00 0.000000000000000000e+00 6.380940199999999944e-03 7.431872400000000094e-03
1.866220700000000079e+02 1.866220700000000079e+02 0.000000000000000000e+00 0.000000000000000000e+00 0.000000000000000000e+00 4.756102499999999636e-03 6.688658600000000308e-03
1.879598699999999951e+02 1.879598699999999951e+02 0.000000000000000000e+00 0.000000000000000000e+00 0.000000000000000000e+00 2.830583299999999899e-03 4.078925300000000274e-03
1.892976600000000076e+02 1.892976600000000076e+02 0.000000000000000000e+00 0.000000000000000000e+00 0.000000000000000000e+00 2.106044999999999966e-03 1.835618999999999923e-03
1.906354499999999916e+02 1.906354499999999916e+02 0.000000000000000000e+00 0.000000000000000000e+00 0.000000000000000000e+00 3.083852499999999944e-03 1.829861699999999923e-03
1.919732400000000041e+02 1.919732400000000041e+02 0.000000000000000000e+00 0.000000000000000000e+00 0.000000000000000000e+00 4.889710000000000237e-03 3.959025899999999570e-03
1.933110399999999913e+02 1.933110399999999913e+02 0.000000000000000000e+00 0.000000000000000000e+00 0.000000000000000000e+00 6.019409300000000407e-03 6.288547400000000370e-03
1.946488300000000038e+02 1.946488300000000038e+02 0.000000000000000000e+00 0.000000000000000000e+00 0.000000000000000000e+00 5.555179500000000103e-03 6.776802400000000309e-03
1.959866199999999878e+02 1.959866199999999878e+02 0.000000000000000000e+00 0.000000000000000000e+00 0.000000000000000000e+00 3.871369600000000143e-03 5.013648100000000357e-03
1.973244100000000003e+02 1.973244100000000003e+02 0.000000000000000000e+00 0.000000000000000000e+00 0.000000000000000000e+00 2.304206799999999888e-03 2.519767200000000082e-03
1.986622099999999875e+02 1.986622099999999875e+02 0.000000000000000000e+00 0.000000000000000000e+00 0.000000000000000000e+00 2.064963400000000091e-03 1.410852499999999937e-03
2.000000000000000000e+02 2.000000000000000000e+02 0.000000000000000000e+00 0.000000000000000000e+00 0.000000000000000000e+00 3.270252600000000173e-03 2.564592799999999926e-03
