-2.000000000000000000e+02 -2.000000000000000000e+02 0.000000000000000000e+00 0.000000000000000000e+00 0.000000000000000000e+00 1.347316099999999912e-03 1.801645400000000076e-03
-1.986622099999999875e+02 -1.986622099999999875e+02 0.000000000000000000e+00 0.000000000000000000e+00 0.000000000000000000e+00 7.234417800000000421e-04 3.067859699999999842e-03
-1.973244100000000003e+02 -1.973244100000000003e+02 0.000000000000000000e+00 0.000000000000000000e+00 0.000000000000000000e+00 2.047833000000000205e-03 1.293055999999999893e-03
-1.959866199999999878e+02 -1.959866199999999878e+02 0.000000000000000000e+00 0.000000000000000000e+00 0.000000000000000000e+00 2.440614399999999941e-03 1.287318800000000025e-03
-1.946488300000000038e+02 -1.946488300000000038e+02 0.000000000000000000e+00 0.000000000000000000e+00 0.000000000000000000e+00 1.044608299999999924e-03 3.177163299999999878e-03
-1.933110399999999913e+02 -1.933110399999999913e+02 0.000000000000000000e+00 0.000000000000000000e+00 0.000000000000000000e+00 9.938404399999999344e-04 1.944799600000000081e-03
-1.919732400000000041e+02 -1.919732400000000041e+02 0.000000000000000000e+00 0.000000000000000000e+00 0.000000000000000000e+00 2.481498999999999858e-03 9.278121800000000124e-04
-1.906354499999999916e+02 -1.906354499999999916e+02 0.000000000000000000e+00 0.000000000000000000e+00 0.000000000000000000e+00 2.254857299999999971e-03 2.966120999999999949e-03
-1.892976600000000076e+02 -1.892976600000000076e+02 0.000000000000000000e+00 0.000000000000000000e+00 0.000000000000000000e+00 8.290963599999999489e-04 2.668237700000000191e-03
-1.879598699999999951e+02 -1.879598699999999951e+02 0.000000000000000000e+00 0.000000000000000000e+00 0.000000000000000000e+00 1.424832499999999962e-03 8.563717700000000443e-04
-1.866220700000000079e+02 -1.866220700000000079e+02 0.000000000000000000e+00 0.000000000000000000e+00 0.000000000000000000e+00 2.804269800000000132e-03 2.492870700000000134e-03
-1.852842799999999954e+02 -1.852842799999999954e+02 0.000000000000000000e+00 0.000000000000000000e+00 0.000000000000000000e+00 1.943223900000000089e-03 3.291229000000000116e-03
-1.839464900000000114e+02 -1.839464900000000114e+02 0.000000000000000000e+00 0.000000000000000000e+00 0.000000000000000000e+00 7.701747099999999707e-04 1.136285600000000104e-03
-1.826086999999999989e+02 -1.826086999999999989e+02 0.000000000000000000e+00 0.000000000000000000e+00 0.000000000000000000e+00 1.966500700000000171e-03 1.891172300000000094e-03
-1.812709000000000117e+02 -1.812709000000000117e+02 0.000000000000000000e+00 0.000000000000000000e+00 0.000000000000000000e+00 2.958944600000000015e-03 3.658114400000000207e-03
-1.799331099999999992e+02 -1.799331099999999992e+02 0.000000000000000000e+00 0.000000000000000000e+00 0.000000000000000000e+00 1.570610700000000083e-03 1.739354800000000086e-03
-1.785953199999999867e+02 -1.785953199999999867e+02 0.000000000000000000e+00 0.000000000000000000e+00 0.000000000000000000e+00 9.147778300000000175e-04 1.341352899999999956e-03
-1.772575300000000027e+02 -1.772575300000000027e+02 0.000000000000000000e+00 0.000000000000000000e+00 0.000000000000000000e+00 2.544500999999999794e-03 3.673839099999999958e-03
-1.759197299999999871e+02 -1.759197299999999871e+02 0.000000000000000000e+00 0.000000000000000000e+00 0.000000000000000000e+00 2.915089899999999921e-03 2.548035799999999983e-03
-1.745819400000000030e+02 -1.745819400000000030e+02 0.000000000000000000e+00 0.000000000000000000e+00 0.000000000000000000e+00 1.221323100000000104e-03 1.024633600000000042e-03
-1.732441499999999905e+02 -1.732441499999999905e+02 0.000000000000000000e+00 0.000000000000000000e+00 0.000000000000000000e+00 1.281167499999999893e-03 3.333115599999999980e-03
-1.719063500000000033e+02 -1.719063500000000033e+02 0.000000000000000000e+00 0.000000000000000000e+00 0.000000000000000000e+00 3.068302499999999919e-03 3.382538899999999911e-03
-1.705685599999999909e+02 -1.705685599999999909e+02 0.000000000000000000e+00 0.000000000000000000e+00 0.000000000000000000e+00 2.677026800000000158e-03 1.073954000000000011e-03
-1.692307700000000068e+02 -1.692307700000000068e+02 0.000000000000000000e+00 0.000000000000000000e+00 0.000000000000000000e+00 9.956686499999999052e-04 2.726979999999999942e-03
-1.678929799999999943e+02 -1.678929799999999943e+02 0.000000000000000000e+00 0.000000000000000000e+00 0.000000000000000000e+00 1.844803899999999984e-03 4.048990300000000243e-03
-1.665551800000000071e+02 -1.665551800000000071e+02 0.000000000000000000e+00 0.000000000000000000e+00 0.000000000000000000e+00 3.452105699999999822e-03 1.530685099999999979e-03
-1.652173899999999946e+02 -1.652173899999999946e+02 0.000000000000000000e+00 0.000000000000000000e+00 0.000000000000000000e+00 2.298726599999999839e-03 2.033427600000000182e-03
-1.638796000000000106e+02 -1.638796000000000106e+02 0.000000000000000000e+00 0.000000000000000000e+00 0.000000000000000000e+00 9.763863200000000081e-04 4.378464999999999788e-03
-1.625418099999999981e+02 -1.625418099999999981e+02 0.000000000000000000e+00 0.000000000000000000e+00 0.000000000000000000e+00 2.533174599999999787e-03 2.340665899999999893e-03
-1.612040100000000109e+02 -1.612040100000000109e+02 0.000000000000000000e+00 0.000000000000000000e+00 0.000000000000000000e+00 3.617229000000000017e-03 1.468881900000000096e-03
-1.598662199999999984e+02 -1.598662199999999984e+02 0.000000000000000000e+00 0.000000000000000000e+00 0.000000000000000000e+00 1.854708899999999924e-03 4.300015199999999982e-03
-1.585284299999999860e+02 -1.585284299999999860e+02 0.000000000000000000e+00 0.000000000000000000e+00 0.000000000000000000e+00 1.213054299999999971e-03 3.340089000000000079e-03
-1.571906400000000019e+02 -1.571906400000000019e+02 0.000000000000000000e+00 0.000000000000000000e+00 0.000000000000000000e+00 3.251200399999999800e-03 1.215748900000000092e-03
-1.558528399999999863e+02 -1.558528399999999863e+02 0.000000000000000000e+00 0.000000000000000000e+00 0.000000000000000000e+00 3.535503399999999873e-03 3.815346700000000080e-03
-1.545150500000000022e+02 -1.545150500000000022e+02 0.000000000000000000e+00 0.000000000000000000e+00 0.000000000000000000e+00 1.463210800000000001e-03 4.306070199999999584e-03
-1.531772599999999898e+02 -1.531772599999999898e+02 0.000000000000000000e+00 0.000000000000000000e+00 0.000000000000000000e+00 1.722853400000000021e-03 1.412097800000000018e-03
-1.518394600000000025e+02 -1.518394600000000025e+02 0.000000000000000000e+00 0.000000000000000000e+00 0.000000000000000000e+00 3.884629200000000188e-03 3.067751799999999911e-03
-1.505016699999999901e+02 -1.505016699999999901e+02 0.000000000000000000e+00 0.000000000000000000e+00 0.000000000000000000e+00 3.226411700000000014e-03 5.021589600000000118e-03
-1.491638800000000060e+02 -1.491638800000000060e+02 0.000000000000000000e+00 0.000000000000000000e+00 0.000000000000000000e+00 1.242274299999999911e-03 2.082100300000000025e-03
-1.478260899999999936e+02 -1.478260899999999936e+02 0.000000000000000000e+00 0.000000000000000000e+00 0.000000000000000000e+00 2.462979200000000191e-03 2.272706199999999840e-03
-1.464882900000000063e+02 -1.464882900000000063e+02 0.000000000000000000e+00 0.000000000000000000e+00 0.000000000000000000e+00 4.332859500000000273e-03 5.316825399999999986e-03
-1.451504999999999939e+02 -1.451504999999999939e+02 0.000000000000000000e+00 0.000000000000000000e+00 0.000000000000000000e+00 2.758950599999999802e-03 3.126645899999999818e-03
-1.438127100000000098e+02 -1.438127100000000098e+02 0.000000000000000000e+00 0.000000000000000000e+00 0.000000000000000000e+00 1.281054999999999911e-03 1.679064700000000099e-03
-1.424749199999999973e+02 -1.424749199999999973e+02 0.000000000000000000e+00 0.000000000000000000e+00 0.000000000000000000e+00 3.366869900000000072e-03 5.122289900000000229e-03
-1.411371200000000101e+02 -1.411371200000000101e+02 0.000000000000000000e+00 0.000000000000000000e+00 0.000000000000000000e+00 4.516831300000000333e-03 4.342259200000000291e-03
-1.397993299999999977e+02 -1.397993299999999977e+02 0.000000000000000000e+00 0.000000000000000000e+00 0.000000000000000000e+00 2.226152600000000110e-03 1.509147499999999916e-03
-1.384615400000000136e+02 -1.384615400000000136e+02 0.000000000000000000e+00 0.000000000000000000e+00 0.000000000000000000e+00 1.690560600000000011e-03 4.492945100000000393e-03
-1.371237500000000011e+02 -1.371237500000000011e+02 0.000000000000000000e+00 0.000000000000000000e+00 0.000000000000000000e+00 4.317807899999999768e-03 5.466521700000000032e-03
-1.357859500000000139e+02 -1.357859500000000139e+02 0.000000000000000000e+00 0.000000000000000000e+00 0.000000000000000000e+00 4.412493600000000175e-03 1.904078100000000055e-03
-1.344481600000000014e+02 -1.344481600000000014e+02 0.000000000000000000e+00 0.000000000000000000e+00 0.000000000000000000e+00 1.831837000000000005e-03 3.596004800000000140e-03
-1.331103699999999890e+02 -1.331103699999999890e+02 0.000000000000000000e+00 0.000000000000000000e+00 0.000000000000000000e+00 2.463872299999999866e-03 6.261609700000000250e-03
-1.317725800000000049e+02 -1.317725800000000049e+02 0.000000000000000000e+00 0.000000000000000000e+00 0.000000000000000000e+00 5.114795200000000173e-03 2.862677799999999943e-03
-1.304347799999999893e+02 -1.304347799999999893e+02 0.000000000000000000e+00 0.000000000000000000e+00 0.000000000000000000e+00 3.990056300000000174e-03 2.673886999999999792e-03
-1.290969900000000052e+02 -1.290969900000000052e+02 0.000000000000000000e+00 0.000000000000000000e+00 0.000000000000000000e+00 1.650173999999999912e-03 6.597249700000000147e-03
-1.277592000000000070e+02 -1.277592000000000070e+02 0.000000000000000000e+00 0.000000000000000000e+00 0.000000000000000000e+00 3.504443900000000188e-03 4.222143000000000250e-03
-1.264214000000000055e+02 -1.264214000000000055e+02 0.000000000000000000e+00 0.000000000000000000e+00 0.000000000000000000e+00 5.632644000000000019e-03 2.158885799999999983e-03
-1.250836099999999931e+02 -1.250836099999999931e+02 0.000000000000000000e+00 0.000000000000000000e+00 0.000000000000000000e+00 3.381902999999999906e-03 6.367497199999999809e-03
-1.237458199999999948e+02 -1.237458199999999948e+02 0.000000000000000000e+00 0.000000000000000000e+00 0.000000000000000000e+00 1.868574900000000106e-03 5.815762200000000430e-03
-1.224080299999999966e+02 -1.224080299999999966e+02 0.000000000000000000e+00 0.000000000000000000e+00 0.000000000000000000e+00 4.708814000000000402e-03 2.134606800000000103e-03
-1.210702299999999951e+02 -1.210702299999999951e+02 0.000000000000000000e+00 0.000000000000000000e+00 0.000000000000000000e+00 5.769426499999999979e-03 5.573941800000000064e-03
-1.197324399999999969e+02 -1.197324399999999969e+02 0.000000000000000000e+00 0.000000000000000000e+00 0.000000000000000000e+00 2.783589999999999849e-03 7.192255300000000365e-03
-1.183946499999999986e+02 -1.183946499999999986e+02 0.000000000000000000e+00 0.000000000000000000e+00 0.000000000000000000e+00 2.563024000000000118e-03 2.740021899999999910e-03
-1.170568600000000004e+02 -1.170568600000000004e+02 0.000000000000000000e+00 0.000000000000000000e+00 0.000000000000000000e+00 5.864045000000000021e-03 4.502271399999999667e-03
-1.157190599999999989e+02 -1.157190599999999989e+02 0.000000000000000000e+00 0.000000000000000000e+00 0.000000000000000000e+00 5.550625200000000072e-03 8.145955099999999463e-03
-1.143812700000000007e+02 -1.143812700000000007e+02 0.000000000000000000e+00 0.000000000000000000e+00 0.000000000000000000e+00 2.426583500000000122e-03 4.004976199999999570e-03
-1.130434800000000024e+02 -1.130434800000000024e+02 0.000000000000000000e+00 0.000000000000000000e+00 0.000000000000000000e+00 3.624236600000000069e-03 3.469272299999999910e-03
-1.117056900000000041e+02 -1.117056900000000041e+02 0.000000000000000000e+00 0.000000000000000000e+00 0.000000000000000000e+00 6.900796100000000308e-03 8.486460399999999626e-03
-1.103678900000000027e+02 -1.103678900000000027e+02 0.000000000000000000e+00 0.000000000000000000e+00 0.000000000000000000e+00 5.099394299999999818e-03 5.756700899999999885e-03
-1.090301000000000045e+02 -1.090301000000000045e+02 0.000000000000000000e+00 0.000000000000000000e+00 0.000000000000000000e+00 2.337706499999999896e-03 2.811686600000000077e-03
-1.076923100000000062e+02 -1.076923100000000062e+02 0.000000000000000000e+00 0.000000000000000000e+00 0.000000000000000000e+00 5.253259799999999979e-03 8.172823200000000135e-03
-1.063545199999999937e+02 -1.063545199999999937e+02 0.000000000000000000e+00 0.000000000000000000e+00 0.000000000000000000e+00 7.765901199999999602e-03 7.690986700000000155e-03
-1.050167200000000065e+02 -1.050167200000000065e+02 0.000000000000000000e+00 0.000000000000000000e+00 0.000000000000000000e+00 4.594004100000000090e-03 2.816952900000000044e-03
-1.036789299999999940e+02 -1.036789299999999940e+02 0.000000000000000000e+00 0.000000000000000000e+00 0.000000000000000000e+00 3.141194999999999838e-03 7.340956499999999781e-03
-1.023411399999999958e+02 -1.023411399999999958e+02 0.000000000000000000e+00 0.000000000000000000e+00 0.000000000000000000e+00 7.123480199999999811e-03 9.415716100000000657e-03
-1.010033399999999943e+02 -1.010033399999999943e+02 0.000000000000000000e+00 0.000000000000000000e+00 0.000000000000000000e+00 7.965162799999999862e-03 3.715023000000000023e-03
-9.966555200000000525e+01 -9.966555200000000525e+01 0.000000000000000000e+00 0.000000000000000000e+00 0.000000000000000000e+00 3.902062799999999818e-03 6.242357700000000266e-03
-9.832775900000000036e+01 -9.832775900000000036e+01 0.000000000000000000e+00 0.000000000000000000e+00 0.000000000000000000e+00 4.303719699999999926e-03 1.052528299999999986e-02
-9.698996699999999294e+01 -9.698996699999999294e+01 0.000000000000000000e+00 0.000000000000000000e+00 0.000000000000000000e+00 8.776490700000000311e-03 5.698233100000000065e-03
-9.565217400000000225e+01 -9.565217400000000225e+01 0.000000000000000000e+00 0.000000000000000000e+00 0.000000000000000000e+00 7.570364399999999702e-03 4.908723099999999853e-03
-9.431438099999999736e+01 -9.431438099999999736e+01 0.000000000000000000e+00 0.000000000000000000e+00 0.000000000000000000e+00 3.522905700000000025e-03 1.156727599999999960e-02
-9.297658900000000415e+01 -9.297658900000000415e+01 0.000000000000000000e+00 0.000000000000000000e+00 0.000000000000000000e+00 6.191961699999999971e-03 7.671687499999999688e-03
-9.163879599999999925e+01 -9.163879599999999925e+01 0.000000000000000000e+00 0.000000000000000000e+00 0.000000000000000000e+00 1.008520499999999986e-02 4.728770400000000332e-03
-9.030100299999999436e+01 -9.030100299999999436e+01 0.000000000000000000e+00 0.000000000000000000e+00 0.000000000000000000e+00 6.682550800000000048e-03 1.194211400000000020e-02
-8.896321100000000115e+01 -8.896321100000000115e+01 0.000000000000000000e+00 0.000000000000000000e+00 0.000000000000000000e+00 3.962104400000000283e-03 1.133756500000000084e-02
-8.762541799999999625e+01 -8.762541799999999625e+01 0.000000000000000000e+00 0.000000000000000000e+00 0.000000000000000000e+00 8.654808199999999146e-03 5.553971100000000029e-03
-8.628762500000000557e+01 -8.628762500000000557e+01 0.000000000000000000e+00 0.000000000000000000e+00 0.000000000000000000e+00 1.056597599999999949e-02 1.103243400000000068e-02
-8.494983299999999815e+01 -8.494983299999999815e+01 0.000000000000000000e+00 0.000000000000000000e+00 0.000000000000000000e+00 5.881547800000000263e-03 1.371133000000000074e-02
-8.361203999999999326e+01 -8.361203999999999326e+01 0.000000000000000000e+00 0.000000000000000000e+00 0.000000000000000000e+00 5.713511600000000315e-03 6.776864100000000099e-03
-8.227424700000000257e+01 -8.227424700000000257e+01 0.000000000000000000e+00 0.000000000000000000e+00 0.000000000000000000e+00 1.068324600000000041e-02 9.668038099999999926e-03
-8.093645499999999515e+01 -8.093645499999999515e+01 0.000000000000000000e+00 0.000000000000000000e+00 0.000000000000000000e+00 1.081367599999999950e-02 1.553814799999999989e-02
-7.959866200000000447e+01 -7.959866200000000447e+01 0.000000000000000000e+00 0.000000000000000000e+00 0.000000000000000000e+00 6.193279599999999656e-03 9.070148000000000099e-03
-7.826086999999999705e+01 -7.826086999999999705e+01 0.000000000000000000e+00 0.000000000000000000e+00 0.000000000000000000e+00 7.436631099999999571e-03 8.319102300000000630e-03
-7.692307700000000636e+01 -7.692307700000000636e+01 0.000000000000000000e+00 0.000000000000000000e+00 0.000000000000000000e+00 1.384707800000000051e-02 1.658591300000000074e-02
-7.558528400000000147e+01 -7.558528400000000147e+01 0.000000000000000000e+00 0.000000000000000000e+00 0.000000000000000000e+00 1.200681500000000054e-02 1.228208299999999920e-02
-7.424749199999999405e+01 -7.424749199999999405e+01 0.000000000000000000e+00 0.000000000000000000e+00 0.000000000000000000e+00 7.929437699999999922e-03 7.412043699999999909e-03
-7.290969900000000337e+01 -7.290969900000000337e+01 0.000000000000000000e+00 0.000000000000000000e+00 0.000000000000000000e+00 1.244114200000000052e-02 1.685232899999999923e-02
-7.157190599999999847e+01 -7.157190599999999847e+01 0.000000000000000000e+00 0.000000000000000000e+00 0.000000000000000000e+00 1.674241900000000144e-02 1.607648299999999905e-02
-7.023411400000000526e+01 -7.023411400000000526e+01 0.000000000000000000e+00 0.000000000000000000e+00 0.000000000000000000e+00 1.176396799999999965e-02 7.260194200000000264e-03
-6.889632100000000037e+01 -6.889632100000000037e+01 0.000000000000000000e+00 0.000000000000000000e+00 0.000000000000000000e+00 9.133761000000000657e-03 1.674311599999999886e-02
-6.755852799999999547e+01 -6.755852799999999547e+01 0.000000000000000000e+00 0.000000000000000000e+00 0.000000000000000000e+00 1.583100100000000079e-02 1.984630600000000106e-02
-6.622073600000000226e+01 -6.622073600000000226e+01 0.000000000000000000e+00 0.000000000000000000e+00 0.000000000000000000e+00 1.791804099999999914e-02 8.201678199999999641e-03
-6.488294299999999737e+01 -6.488294299999999737e+01 0.000000000000000000e+00 0.000000000000000000e+00 0.000000000000000000e+00 1.100765599999999934e-02 1.701085299999999939e-02
-6.354515099999999705e+01 -6.354515099999999705e+01 0.000000000000000000e+00 0.000000000000000000e+00 0.000000000000000000e+00 1.136098999999999963e-02 2.215440399999999907e-02
-6.220735799999999927e+01 -6.220735799999999927e+01 0.000000000000000000e+00 0.000000000000000000e+00 0.000000000000000000e+00 1.994932799999999881e-02 1.279647700000000055e-02
-6.086956500000000148e+01 -6.086956500000000148e+01 0.000000000000000000e+00 0.000000000000000000e+00 0.000000000000000000e+00 1.826063099999999939e-02 1.631560500000000039e-02
-5.953177300000000116e+01 -5.953177300000000116e+01 0.000000000000000000e+00 0.000000000000000000e+00 0.000000000000000000e+00 1.024213399999999996e-02 2.571999000000000160e-02
-5.819398000000000337e+01 -5.819398000000000337e+01 0.000000000000000000e+00 0.000000000000000000e+00 0.000000000000000000e+00 1.595819000000000057e-02 1.799134900000000023e-02
-5.685618699999999848e+01 -5.685618699999999848e+01 0.000000000000000000e+00 0.000000000000000000e+00 0.000000000000000000e+00 2.455625300000000011e-02 1.959825399999999898e-02
-5.551839499999999816e+01 -5.551839499999999816e+01 0.000000000000000000e+00 0.000000000000000000e+00 0.000000000000000000e+00 1.627090499999999870e-02 3.436526899999999690e-02
-5.418060200000000037e+01 -5.418060200000000037e+01 0.000000000000000000e+00 0.000000000000000000e+00 0.000000000000000000e+00 1.187460299999999920e-02 3.007939800000000025e-02
-5.284280900000000258e+01 -5.284280900000000258e+01 0.000000000000000000e+00 0.000000000000000000e+00 0.000000000000000000e+00 2.489733499999999961e-02 2.411899799999999913e-02
-5.150501700000000227e+01 -5.150501700000000227e+01 0.000000000000000000e+00 0.000000000000000000e+00 0.000000000000000000e+00 2.446585000000000079e-02 3.597267099999999773e-02
-5.016722399999999737e+01 -5.016722399999999737e+01 0.000000000000000000e+00 0.000000000000000000e+00 0.000000000000000000e+00 1.634309999999999929e-02 3.506780999999999787e-02
-4.882943099999999959e+01 -4.882943099999999959e+01 0.000000000000000000e+00 0.000000000000000000e+00 0.000000000000000000e+00 2.197352799999999912e-02 2.631353599999999848e-02
-4.749163899999999927e+01 -4.749163899999999927e+01 0.000000000000000000e+00 0.000000000000000000e+00 0.000000000000000000e+00 2.710267900000000105e-02 3.575518999999999920e-02
-4.615384600000000148e+01 -4.615384600000000148e+01 0.000000000000000000e+00 0.000000000000000000e+00 0.000000000000000000e+00 3.176055500000000281e-02 3.961754900000000190e-02
-4.481605400000000117e+01 -4.481605400000000117e+01 0.000000000000000000e+00 0.000000000000000000e+00 0.000000000000000000e+00 2.860868199999999986e-02 3.056696199999999961e-02
-4.347826100000000338e+01 -4.347826100000000338e+01 0.000000000000000000e+00 0.000000000000000000e+00 0.000000000000000000e+00 3.837028800000000239e-02 3.524141199999999974e-02
-4.214046799999999848e+01 -4.214046799999999848e+01 0.000000000000000000e+00 0.000000000000000000e+00 0.000000000000000000e+00 4.625014100000000156e-02 4.353532400000000024e-02
-4.080267599999999817e+01 -4.080267599999999817e+01 0.000000000000000000e+00 0.000000000000000000e+00 0.000000000000000000e+00 3.973674199999999851e-02 3.747822499999999696e-02
-3.946488300000000038e+01 -3.946488300000000038e+01 0.000000000000000000e+00 0.000000000000000000e+00 0.000000000000000000e+00 3.623902200000000268e-02 3.473664700000000244e-02
-3.812709000000000259e+01 -3.812709000000000259e+01 0.000000000000000000e+00 0.000000000000000000e+00 0.000000000000000000e+00 4.577833600000000280e-02 4.684577599999999870e-02
-3.678929800000000228e+01 -3.678929800000000228e+01 0.000000000000000000e+00 0.000000000000000000e+00 0.000000000000000000e+00 4.895324499999999940e-02 4.769591900000000328e-02
-3.545150499999999738e+01 -3.545150499999999738e+01 0.000000000000000000e+00 0.000000000000000000e+00 0.000000000000000000e+00 4.222505000000000008e-02 3.377447299999999930e-02
-3.411371199999999959e+01 -3.411371199999999959e+01 0.000000000000000000e+00 0.000000000000000000e+00 0.000000000000000000e+00 4.224427199999999938e-02 5.130912700000000298e-02
-3.277591999999999928e+01 -3.277591999999999928e+01 0.000000000000000000e+00 0.000000000000000000e+00 0.000000000000000000e+00 5.125738099999999769e-02 6.126710600000000173e-02
-3.143812700000000149e+01 -3.143812700000000149e+01 0.000000000000000000e+00 0.000000000000000000e+00 0.000000000000000000e+00 5.429300799999999677e-02 3.014948699999999912e-02
-3.010033400000000015e+01 -3.010033400000000015e+01 0.000000000000000000e+00 0.000000000000000000e+00 0.000000000000000000e+00 4.715817700000000251e-02 6.401093300000000597e-02
-2.876254199999999983e+01 -2.876254199999999983e+01 0.000000000000000000e+00 0.000000000000000000e+00 0.000000000000000000e+00 4.641411699999999779e-02 7.241238899999999368e-02
-2.742474899999999849e+01 -2.742474899999999849e+01 0.000000000000000000e+00 0.000000000000000000e+00 0.000000000000000000e+00 6.147489899999999952e-02 3.218549899999999936e-02
-2.608695700000000173e+01 -2.608695700000000173e+01 0.000000000000000000e+00 0.000000000000000000e+00 0.000000000000000000e+00 6.603873899999999908e-02 8.480163400000000073e-02
-2.474916400000000039e+01 -2.474916400000000039e+01 0.000000000000000000e+00 0.000000000000000000e+00 0.000000000000000000e+00 4.485631600000000024e-02 6.553564100000000558e-02
-2.341137099999999904e+01 -2.341137099999999904e+01 0.000000000000000000e+00 0.000000000000000000e+00 0.000000000000000000e+00 5.705435300000000209e-02 7.722508999999999624e-02
-2.207357899999999873e+01 -2.207357899999999873e+01 0.000000000000000000e+00 0.000000000000000000e+00 0.000000000000000000e+00 9.271931199999999818e-02 9.282523400000000646e-02
-2.073578600000000094e+01 -2.073578600000000094e+01 0.000000000000000000e+00 0.000000000000000000e+00 0.000000000000000000e+00 5.548625599999999769e-02 1.338391600000000126e-01
-1.939799299999999960e+01 -1.939799299999999960e+01 0.000000000000000000e+00 0.000000000000000000e+00 0.000000000000000000e+00 5.587680700000000056e-02 1.302752899999999880e-01
-1.806020099999999928e+01 -1.806020099999999928e+01 0.000000000000000000e+00 0.000000000000000000e+00 0.000000000000000000e+00 1.150866900000000054e-01 1.498718800000000129e-01
-1.672240800000000149e+01 -1.672240800000000149e+01 0.000000000000000000e+00 0.000000000000000000e+00 0.000000000000000000e+00 7.130257800000000534e-02 1.769067400000000068e-01
-1.538461500000000015e+01 -1.538461500000000015e+01 0.000000000000000000e+00 0.000000000000000000e+00 0.000000000000000000e+00 1.015894900000000045e-01 1.388112499999999971e-01
-1.404682299999999984e+01 -1.404682299999999984e+01 0.000000000000000000e+00 0.000000000000000000e+00 0.000000000000000000e+00 1.499419999999999920e-01 1.546340200000000109e-01
-1.270903000000000027e+01 -1.270903000000000027e+01 0.000000000000000000e+00 0.000000000000000000e+00 0.000000000000000000e+00 1.947539199999999970e-01 1.902172099999999977e-01
-1.137123700000000071e+01 -1.137123700000000071e+01 0.000000000000000000e+00 0.000000000000000000e+00 0.000000000000000000e+00 1.673544299999999985e-01 1.444076099999999918e-01
-1.003344500000000039e+01 -1.003344500000000039e+01 0.000000000000000000e+00 0.000000000000000000e+00 0.000000000000000000e+00 1.639628999999999948e-01 1.618163699999999872e-01
-8.695652199999999610e+00 -8.695652199999999610e+00 0.000000000000000000e+00 0.000000000000000000e+00 0.000000000000000000e+00 2.083729099999999945e-01 2.060810700000000051e-01
-7.357859499999999997e+00 -7.357859499999999997e+00 0.000000000000000000e+00 0.000000000000000000e+00 0.000000000000000000e+00 1.991009099999999921e-01 1.483095500000000122e-01
-6.020066899999999777e+00 -6.020066899999999777e+00 0.000000000000000000e+00 0.000000000000000000e+00 0.000000000000000000e+00 1.598912000000000111e-01 1.762421299999999968e-01
-4.682274200000000164e+00 -4.682274200000000164e+00 0.000000000000000000e+00 0.000000000000000000e+00 0.000000000000000000e+00 2.022018700000000058e-01 2.254090300000000102e-01
-3.344481599999999943e+00 -3.344481599999999943e+00 0.000000000000000000e+00 0.000000000000000000e+00 0.000000000000000000e+00 2.318761500000000031e-01 1.484228700000000123e-01
-2.006689000000000167e+00 -2.006689000000000167e+00 0.000000000000000000e+00 0.000000000000000000e+00 0.000000000000000000e+00 1.758185499999999901e-01 2.068406999999999885e-01
-6.688963199999999887e-01 -6.688963199999999887e-01 0.000000000000000000e+00 0.000000000000000000e+00 0.000000000000000000e+00 1.876536299999999879e-01 2.443397399999999997e-01
6.688963199999999887e-01 6.688963199999999887e-01 0.000000000000000000e+00 0.000000000000000000e+00 0.000000000000000000e+00 2.595146999999999871e-01 1.465150500000000078e-01
2.006689000000000167e+00 2.006689000000000167e+00 0.000000000000000000e+00 0.000000000000000000e+00 0.000000000000000000e+00 2.105646899999999988e-01 2.685943599999999765e-01
3.344481599999999943e+00 3.344481599999999943e+00 0.000000000000000000e+00 0.000000000000000000e+00 0.000000000000000000e+00 1.768126100000000089e-01 2.405596299999999965e-01
4.682274200000000164e+00 4.682274200000000164e+00 0.000000000000000000e+00 0.000000000000000000e+00 0.000000000000000000e+00 2.886457800000000185e-01 1.874970800000000104e-01
6.020066899999999777e+00 6.020066899999999777e+00 0.000000000000000000e+00 0.000000000000000000e+00 0.000000000000000000e+00 2.533565300000000242e-01 3.512937500000000157e-01
7.357859499999999997e+00 7.357859499999999997e+00 0.000000000000000000e+00 0.000000000000000000e+00 0.000000000000000000e+00 1.790450199999999992e-01 1.679190299999999969e-01
8.695652199999999610e+00 8.695652199999999610e+00 0.000000000000000000e+00 0.000000000000000000e+00 0.000000000000000000e+00 3.463478099999999782e-01 3.991131199999999879e-01
1.003344500000000039e+01 1.003344500000000039e+01 0.000000000000000000e+00 0.000000000000000000e+00 0.000000000000000000e+00 2.781693900000000164e-01 2.427614800000000017e-01
1.137123700000000071e+01 1.137123700000000071e+01 0.000000000000000000e+00 0.000000000000000000e+00 0.000000000000000000e+00 2.474537300000000106e-01 4.951860100000000098e-01
1.270903000000000027e+01 1.270903000000000027e+01 0.000000000000000000e+00 0.000000000000000000e+00 0.000000000000000000e+00 4.566798300000000088e-01 2.452909299999999904e-01
1.404682299999999984e+01 1.404682299999999984e+01 0.000000000000000000e+00 0.000000000000000000e+00 0.000000000000000000e+00 2.119105099999999964e-01 5.418828399999999768e-01
1.538461500000000015e+01 1.538461500000000015e+01 0.000000000000000000e+00 0.000000000000000000e+00 0.000000000000000000e+00 5.921112200000000492e-01 9.000547399999999643e-01
1.672240800000000149e+01 1.672240800000000149e+01 0.000000000000000000e+00 0.000000000000000000e+00 0.000000000000000000e+00 7.112391599999999814e-01 9.303006900000000412e-01
1.806020099999999928e+01 1.806020099999999928e+01 0.000000000000000000e+00 0.000000000000000000e+00 0.000000000000000000e+00 8.911329999999999529e-01 9.369357099999999772e-01
1.939799299999999960e+01 1.939799299999999960e+01 0.000000000000000000e+00 0.000000000000000000e+00 0.000000000000000000e+00 9.136892800000000481e-01 9.387194100000000319e-01
2.073578600000000094e+01 2.073578600000000094e+01 0.000000000000000000e+00 0.000000000000000000e+00 0.000000000000000000e+00 9.205782799999999710e-01 9.386016499999999541e-01
2.207357899999999873e+01 2.207357899999999873e+01 0.000000000000000000e+00 0.000000000000000000e+00 0.000000000000000000e+00 9.228112099999999929e-01 9.374930000000000208e-01
2.341137099999999904e+01 2.341137099999999904e+01 0.000000000000000000e+00 0.000000000000000000e+00 0.000000000000000000e+00 9.229292300000000449e-01 9.357635600000000498e-01
2.474916400000000039e+01 2.474916400000000039e+01 0.000000000000000000e+00 0.000000000000000000e+00 0.000000000000000000e+00 9.218327800000000183e-01 9.335852799999999618e-01
2.608695700000000173e+01 2.608695700000000173e+01 0.000000000000000000e+00 0.000000000000000000e+00 0.000000000000000000e+00 9.199122400000000477e-01 9.310411800000000238e-01
2.742474899999999849e+01 2.742474899999999849e+01 0.000000000000000000e+00 0.000000000000000000e+00 0.000000000000000000e+00 9.173513500000000098e-01 9.281677799999999978e-01
2.876254199999999983e+01 2.876254199999999983e+01 0.000000000000000000e+00 0.000000000000000000e+00 0.000000000000000000e+00 9.142326200000000513e-01 9.249734400000000356e-01
3.010033400000000015e+01 3.010033400000000015e+01 0.000000000000000000e+00 0.000000000000000000e+00 0.000000000000000000e+00 9.105795800000000551e-01 9.214464199999999883e-01
3.143812700000000149e+01 3.143812700000000149e+01 0.000000000000000000e+00 0.000000000000000000e+00 0.000000000000000000e+00 9.063743399999999451e-01 9.175581000000000431e-01
3.277591999999999928e+01 3.277591999999999928e+01 0.000000000000000000e+00 0.000000000000000000e+00 0.000000000000000000e+00 9.015630599999999717e-01 9.132629700000000073e-01
3.411371199999999959e+01 3.411371199999999959e+01 0.000000000000000000e+00 0.000000000000000000e+00 0.000000000000000000e+00 8.960539100000000090e-01 9.084962199999999655e-01
3.545150499999999738e+01 3.545150499999999738e+01 0.000000000000000000e+00 0.000000000000000000e+00 0.000000000000000000e+00 8.897080400000000333e-01 9.031687400000000254e-01
3.678929800000000228e+01 3.678929800000000228e+01 0.000000000000000000e+00 0.000000000000000000e+00 0.000000000000000000e+00 8.823212799999999856e-01 8.971584099999999617e-01
3.812709000000000259e+01 3.812709000000000259e+01 0.000000000000000000e+00 0.000000000000000000e+00 0.000000000000000000e+00 8.735910900000000145e-01 8.902958699999999892e-01
3.946488300000000038e+01 3.946488300000000038e+01 0.000000000000000000e+00 0.000000000000000000e+00 0.000000000000000000e+00 8.630556000000000338e-01 8.823407300000000175e-01
4.080267599999999817e+01 4.080267599999999817e+01 0.000000000000000000e+00 0.000000000000000000e+00 0.000000000000000000e+00 8.499751399999999624e-01 8.729400899999999464e-01
4.214046799999999848e+01 4.214046799999999848e+01 0.000000000000000000e+00 0.000000000000000000e+00 0.000000000000000000e+00 8.330824399999999796e-01 8.615523800000000065e-01
4.347826100000000338e+01 4.347826100000000338e+01 0.000000000000000000e+00 0.000000000000000000e+00 0.000000000000000000e+00 8.099923300000000381e-01 8.472965700000000266e-01
4.481605400000000117e+01 4.481605400000000117e+01 0.000000000000000000e+00 0.000000000000000000e+00 0.000000000000000000e+00 7.755855600000000072e-01 8.286239800000000377e-01
4.615384600000000148e+01 4.615384600000000148e+01 0.000000000000000000e+00 0.000000000000000000e+00 0.000000000000000000e+00 7.167814399999999919e-01 8.025102299999999911e-01
4.749163899999999927e+01 4.749163899999999927e+01 0.000000000000000000e+00 0.000000000000000000e+00 0.000000000000000000e+00 5.980461299999999536e-01 7.621370499999999826e-01
4.882943099999999959e+01 4.882943099999999959e+01 0.000000000000000000e+00 0.000000000000000000e+00 0.000000000000000000e+00 4.417088599999999809e-01 6.895168499999999590e-01
5.016722399999999737e+01 5.016722399999999737e+01 0.000000000000000000e+00 0.000000000000000000e+00 0.000000000000000000e+00 3.064608999999999805e-01 5.530431500000000389e-01
5.150501700000000227e+01 5.150501700000000227e+01 0.000000000000000000e+00 0.000000000000000000e+00 0.000000000000000000e+00 2.655647500000000161e-01 4.035440200000000033e-01
5.284280900000000258e+01 5.284280900000000258e+01 0.000000000000000000e+00 0.000000000000000000e+00 0.000000000000000000e+00 2.124658600000000064e-01 3.282416699999999854e-01
5.418060200000000037e+01 5.418060200000000037e+01 0.000000000000000000e+00 0.000000000000000000e+00 0.000000000000000000e+00 1.415779799999999922e-01 2.335389400000000004e-01
5.551839499999999816e+01 5.551839499999999816e+01 0.000000000000000000e+00 0.000000000000000000e+00 0.000000000000000000e+00 1.851999900000000088e-01 2.339987099999999987e-01
5.685618699999999848e+01 5.685618699999999848e+01 0.000000000000000000e+00 0.000000000000000000e+00 0.000000000000000000e+00 1.148541099999999954e-01 1.574558000000000069e-01
5.819398000000000337e+01 5.819398000000000337e+01 0.000000000000000000e+00 0.000000000000000000e+00 0.000000000000000000e+00 9.184217199999999970e-02 1.693109999999999893e-01
5.953177300000000116e+01 5.953177300000000116e+01 0.000000000000000000e+00 0.000000000000000000e+00 0.000000000000000000e+00 1.341554399999999869e-01 1.394106400000000023e-01
6.086956500000000148e+01 6.086956500000000148e+01 0.000000000000000000e+00 0.000000000000000000e+00 0.000000000000000000e+00 8.207601600000000164e-02 1.021543200000000068e-01
6.220735799999999927e+01 6.220735799999999927e+01 0.000000000000000000e+00 0.000000000000000000e+00 0.000000000000000000e+00 5.772322099999999817e-02 1.345396899999999896e-01
6.354515099999999705e+01 6.354515099999999705e+01 0.000000000000000000e+00 0.000000000000000000e+00 0.000000000000000000e+00 9.908783300000000016e-02 7.944916500000000215e-02
6.488294299999999737e+01 6.488294299999999737e+01 0.000000000000000000e+00 0.000000000000000000e+00 0.000000000000000000e+00 7.287502799999999448e-02 8.813883100000000081e-02
6.622073600000000226e+01 6.622073600000000226e+01 0.000000000000000000e+00 0.000000000000000000e+00 0.000000000000000000e+00 3.658460000000000184e-02 9.984690000000000232e-02
6.755852799999999547e+01 6.755852799999999547e+01 0.000000000000000000e+00 0.000000000000000000e+00 0.000000000000000000e+00 6.826883899999999783e-02 5.243804400000000310e-02
6.889632100000000037e+01 6.889632100000000037e+01 0.000000000000000000e+00 0.000000000000000000e+00 0.000000000000000000e+00 6.977403100000000025e-02 7.626142700000000663e-02
7.023411400000000526e+01 7.023411400000000526e+01 0.000000000000000000e+00 0.000000000000000000e+00 0.000000000000000000e+00 3.077714499999999881e-02 7.525262500000000354e-02
7.157190599999999847e+01 7.157190599999999847e+01 0.000000000000000000e+00 0.000000000000000000e+00 0.000000000000000000e+00 4.026930799999999672e-02 3.890307999999999961e-02
7.290969900000000337e+01 7.290969900000000337e+01 0.000000000000000000e+00 0.000000000000000000e+00 0.000000000000000000e+00 6.199677900000000186e-02 6.457247500000000417e-02
7.424749199999999405e+01 7.424749199999999405e+01 0.000000000000000000e+00 0.000000000000000000e+00 0.000000000000000000e+00 3.651372900000000171e-02 5.952382600000000190e-02
7.558528400000000147e+01 7.558528400000000147e+01 0.000000000000000000e+00 0.000000000000000000e+00 0.000000000000000000e+00 2.165087099999999862e-02 3.045298199999999997e-02
7.692307700000000636e+01 7.692307700000000636e+01 0.000000000000000000e+00 0.000000000000000000e+00 0.000000000000000000e+00 4.564005699999999777e-02 5.403318800000000283e-02
7.826086999999999705e+01 7.826086999999999705e+01 0.000000000000000000e+00 0.000000000000000000e+00 0.000000000000000000e+00 4.345318799999999676e-02 4.959445500000000256e-02
7.959866200000000447e+01 7.959866200000000447e+01 0.000000000000000000e+00 0.000000000000000000e+00 0.000000000000000000e+00 1.801545900000000103e-02 2.445892599999999889e-02
8.093645499999999515e+01 8.093645499999999515e+01 0.000000000000000000e+00 0.000000000000000000e+00 0.000000000000000000e+00 2.584752900000000103e-02 4.480131700000000022e-02
8.227424700000000257e+01 8.227424700000000257e+01 0.000000000000000000e+00 0.000000000000000000e+00 0.000000000000000000e+00 4.183031200000000144e-02 4.317330300000000315e-02
8.361203999999999326e+01 8.361203999999999326e+01 0.000000000000000000e+00 0.000000000000000000e+00 0.000000000000000000e+00 2.534580900000000039e-02 2.015387399999999871e-02
8.494983299999999815e+01 8.494983299999999815e+01 0.000000000000000000e+00 0.000000000000000000e+00 0.000000000000000000e+00 1.324744100000000042e-02 3.667692000000000174e-02
8.628762500000000557e+01 8.628762500000000557e+01 0.000000000000000000e+00 0.000000000000000000e+00 0.000000000000000000e+00 2.985476299999999944e-02 3.876575399999999949e-02
8.762541799999999625e+01 8.762541799999999625e+01 0.000000000000000000e+00 0.000000000000000000e+00 0.000000000000000000e+00 3.213009299999999846e-02 1.728956900000000116e-02
8.896321100000000115e+01 8.896321100000000115e+01 0.000000000000000000e+00 0.000000000000000000e+00 0.000000000000000000e+00 1.363496699999999957e-02 2.946761499999999909e-02
9.030100299999999436e+01 9.030100299999999436e+01 0.000000000000000000e+00 0.000000000000000000e+00 0.000000000000000000e+00 1.532474399999999952e-02 3.538432300000000225e-02
9.163879599999999925e+01 9.163879599999999925e+01 0.000000000000000000e+00 0.000000000000000000e+00 0.000000000000000000e+00 2.955499400000000110e-02 1.571397799999999997e-02
9.297658900000000415e+01 9.297658900000000415e+01 0.000000000000000000e+00 0.000000000000000000e+00 0.000000000000000000e+00 2.136285500000000004e-02 2.310684899999999875e-02
9.431438099999999736e+01 9.431438099999999736e+01 0.000000000000000000e+00 0.000000000000000000e+00 0.000000000000000000e+00 8.788238599999999637e-03 3.236250200000000132e-02
9.565217400000000225e+01 9.565217400000000225e+01 0.000000000000000000e+00 0.000000000000000000e+00 0.000000000000000000e+00 1.865349700000000152e-02 1.523257100000000031e-02
9.698996699999999294e+01 9.698996699999999294e+01 0.000000000000000000e+00 0.000000000000000000e+00 0.000000000000000000e+00 2.542275899999999964e-02 1.765325800000000153e-02
9.832775900000000036e+01 9.832775900000000036e+01 0.000000000000000000e+00 0.000000000000000000e+00 0.000000000000000000e+00 1.272668300000000079e-02 2.926958799999999916e-02
9.966555200000000525e+01 9.966555200000000525e+01 0.000000000000000000e+00 0.000000000000000000e+00 0.000000000000000000e+00 8.684481900000000712e-03 1.556872699999999922e-02
1.010033399999999943e+02 1.010033399999999943e+02 0.000000000000000000e+00 0.000000000000000000e+00 0.000000000000000000e+00 2.038327200000000089e-02 1.323871100000000023e-02
1.023411399999999958e+02 1.023411399999999958e+02 0.000000000000000000e+00 0.000000000000000000e+00 0.000000000000000000e+00 1.933835799999999994e-02 2.587781600000000140e-02
1.036789299999999940e+02 1.036789299999999940e+02 0.000000000000000000e+00 0.000000000000000000e+00 0.000000000000000000e+00 7.497110399999999675e-03 1.637296200000000132e-02
1.050167200000000065e+02 1.050167200000000065e+02 0.000000000000000000e+00 0.000000000000000000e+00 0.000000000000000000e+00 1.073898799999999966e-02 9.998651199999999961e-03
1.063545199999999937e+02 1.063545199999999937e+02 0.000000000000000000e+00 0.000000000000000000e+00 0.000000000000000000e+00 1.974307800000000071e-02 2.214520700000000009e-02
1.076923100000000062e+02 1.076923100000000062e+02 0.000000000000000000e+00 0.000000000000000000e+00 0.000000000000000000e+00 1.316466200000000059e-02 1.726033100000000028e-02
1.090301000000000045e+02 1.090301000000000045e+02 0.000000000000000000e+00 0.000000000000000000e+00 0.000000000000000000e+00 5.516331600000000390e-03 8.003646200000000613e-03
1.103678900000000027e+02 1.103678900000000027e+02 0.000000000000000000e+00 0.000000000000000000e+00 0.000000000000000000e+00 1.294528500000000082e-02 1.819274200000000133e-02
1.117056900000000041e+02 1.117056900000000041e+02 0.000000000000000000e+00 0.000000000000000000e+00 0.000000000000000000e+00 1.712385900000000169e-02 1.786415499999999962e-02
1.130434800000000024e+02 1.130434800000000024e+02 0.000000000000000000e+00 0.000000000000000000e+00 0.000000000000000000e+00 8.205054800000000093e-03 7.209333800000000333e-03
1.143812700000000007e+02 1.143812700000000007e+02 0.000000000000000000e+00 0.000000000000000000e+00 0.000000000000000000e+00 5.846802899999999775e-03 1.426543100000000029e-02
1.157190599999999989e+02 1.157190599999999989e+02 0.000000000000000000e+00 0.000000000000000000e+00 0.000000000000000000e+00 1.415067599999999919e-02 1.789175900000000013e-02
1.170568600000000004e+02 1.170568600000000004e+02 0.000000000000000000e+00 0.000000000000000000e+00 0.000000000000000000e+00 1.340174700000000031e-02 7.435965899999999983e-03
1.183946499999999986e+02 1.183946499999999986e+02 0.000000000000000000e+00 0.000000000000000000e+00 0.000000000000000000e+00 5.074760600000000413e-03 1.067534600000000049e-02
1.197324399999999969e+02 1.197324399999999969e+02 0.000000000000000000e+00 0.000000000000000000e+00 0.000000000000000000e+00 7.331218900000000330e-03 1.717054700000000128e-02
1.210702299999999951e+02 1.210702299999999951e+02 0.000000000000000000e+00 0.000000000000000000e+00 0.000000000000000000e+00 1.395603899999999994e-02 8.381945199999999221e-03
1.224080299999999966e+02 1.224080299999999966e+02 0.000000000000000000e+00 0.000000000000000000e+00 0.000000000000000000e+00 9.512202900000000724e-03 7.732419199999999992e-03
1.237458199999999948e+02 1.237458199999999948e+02 0.000000000000000000e+00 0.000000000000000000e+00 0.000000000000000000e+00 3.786371900000000054e-03 1.567567099999999866e-02
1.250836099999999931e+02 1.250836099999999931e+02 0.000000000000000000e+00 0.000000000000000000e+00 0.000000000000000000e+00 8.959344200000000230e-03 9.667571099999999404e-03
1.264214000000000055e+02 1.264214000000000055e+02 0.000000000000000000e+00 0.000000000000000000e+00 0.000000000000000000e+00 1.249226800000000082e-02 5.674339100000000066e-03
1.277592000000000070e+02 1.277592000000000070e+02 0.000000000000000000e+00 0.000000000000000000e+00 0.000000000000000000e+00 6.204667500000000252e-03 1.353274699999999948e-02
1.290969900000000052e+02 1.290969900000000052e+02 0.000000000000000000e+00 0.000000000000000000e+00 0.000000000000000000e+00 3.940698500000000028e-03 1.089717200000000011e-02
1.304347799999999893e+02 1.304347799999999893e+02 0.000000000000000000e+00 0.000000000000000000e+00 0.000000000000000000e+00 1.004339500000000010e-02 4.610445799999999747e-03
1.317725800000000049e+02 1.317725800000000049e+02 0.000000000000000000e+00 0.000000000000000000e+00 0.000000000000000000e+00 1.019117100000000060e-02 1.099418800000000022e-02
1.331103699999999890e+02 1.331103699999999890e+02 0.000000000000000000e+00 0.000000000000000000e+00 0.000000000000000000e+00 3.926951899999999579e-03 1.172588199999999997e-02
1.344481600000000014e+02 1.344481600000000014e+02 0.000000000000000000e+00 0.000000000000000000e+00 0.000000000000000000e+00 4.943497199999999890e-03 4.493912699999999885e-03
1.357859500000000139e+02 1.357859500000000139e+02 0.000000000000000000e+00 0.000000000000000000e+00 0.000000000000000000e+00 1.025271999999999989e-02 8.391339399999999532e-03
1.371237500000000011e+02 1.371237500000000011e+02 0.000000000000000000e+00 0.000000000000000000e+00 0.000000000000000000e+00 7.592039000000000079e-03 1.191570800000000055e-02
1.384615400000000136e+02 1.384615400000000136e+02 0.000000000000000000e+00 0.000000000000000000e+00 0.000000000000000000e+00 2.807257799999999907e-03 5.128427199999999707e-03
1.397993299999999977e+02 1.397993299999999977e+02 0.000000000000000000e+00 0.000000000000000000e+00 0.000000000000000000e+00 6.192029299999999604e-03 6.069855100000000336e-03
1.411371200000000101e+02 1.411371200000000101e+02 0.000000000000000000e+00 0.000000000000000000e+00 0.000000000000000000e+00 9.565446199999999219e-03 1.137162599999999926e-02
1.424749199999999973e+02 1.424749199999999973e+02 0.000000000000000000e+00 0.000000000000000000e+00 0.000000000000000000e+00 5.195157700000000399e-03 6.207802299999999780e-03
1.438127100000000098e+02 1.438127100000000098e+02 0.000000000000000000e+00 0.000000000000000000e+00 0.000000000000000000e+00 2.706998500000000127e-03 4.320760499999999615e-03
1.451504999999999939e+02 1.451504999999999939e+02 0.000000000000000000e+00 0.000000000000000000e+00 0.000000000000000000e+00 7.202689800000000239e-03 1.015119899999999964e-02
1.464882900000000063e+02 1.464882900000000063e+02 0.000000000000000000e+00 0.000000000000000000e+00 0.000000000000000000e+00 8.180444300000000793e-03 7.378301999999999777e-03
1.478260899999999936e+02 1.478260899999999936e+02 0.000000000000000000e+00 0.000000000000000000e+00 0.000000000000000000e+00 3.365492900000000183e-03 3.321766900000000175e-03
1.491638800000000060e+02 1.491638800000000060e+02 0.000000000000000000e+00 0.000000000000000000e+00 0.000000000000000000e+00 3.314570199999999824e-03 8.446111799999999475e-03
1.505016699999999901e+02 1.505016699999999901e+02 0.000000000000000000e+00 0.000000000000000000e+00 0.000000000000000000e+00 7.674984999999999620e-03 8.307780100000000320e-03
1.518394600000000025e+02 1.518394600000000025e+02 0.000000000000000000e+00 0.000000000000000000e+00 0.000000000000000000e+00 6.417921499999999779e-03 3.103374700000000128e-03
1.531772599999999898e+02 1.531772599999999898e+02 0.000000000000000000e+00 0.000000000000000000e+00 0.000000000000000000e+00 2.286178299999999924e-03 6.539182499999999891e-03
1.545150500000000022e+02 1.545150500000000022e+02 0.000000000000000000e+00 0.000000000000000000e+00 0.000000000000000000e+00 4.249920100000000381e-03 8.747070200000000087e-03
1.558528399999999863e+02 1.558528399999999863e+02 0.000000000000000000e+00 0.000000000000000000e+00 0.000000000000000000e+00 7.502502399999999572e-03 3.547903900000000128e-03
1.571906400000000019e+02 1.571906400000000019e+02 0.000000000000000000e+00 0.000000000000000000e+00 0.000000000000000000e+00 4.626027799999999843e-03 4.743763600000000004e-03
1.585284299999999860e+02 1.585284299999999860e+02 0.000000000000000000e+00 0.000000000000000000e+00 0.000000000000000000e+00 1.958394999999999928e-03 8.571813399999999444e-03
1.598662199999999984e+02 1.598662199999999984e+02 0.000000000000000000e+00 0.000000000000000000e+00 0.000000000000000000e+00 5.156073300000000269e-03 4.421101000000000197e-03
1.612040100000000109e+02 1.612040100000000109e+02 0.000000000000000000e+00 0.000000000000000000e+00 0.000000000000000000e+00 6.745799700000000045e-03 3.337967700000000083e-03
1.625418099999999981e+02 1.625418099999999981e+02 0.000000000000000000e+00 0.000000000000000000e+00 0.000000000000000000e+00 3.104671099999999854e-03 7.797584899999999639e-03
1.638796000000000106e+02 1.638796000000000106e+02 0.000000000000000000e+00 0.000000000000000000e+00 0.000000000000000000e+00 2.236974300000000183e-03 5.427584699999999859e-03
1.652173899999999946e+02 1.652173899999999946e+02 0.000000000000000000e+00 0.000000000000000000e+00 0.000000000000000000e+00 5.763644800000000332e-03 2.507292600000000145e-03
1.665551800000000071e+02 1.665551800000000071e+02 0.000000000000000000e+00 0.000000000000000000e+00 0.000000000000000000e+00 5.583198900000000027e-03 6.567390400000000343e-03
1.678929799999999943e+02 1.678929799999999943e+02 0.000000000000000000e+00 0.000000000000000000e+00 0.000000000000000000e+00 2.054332399999999996e-03 6.275840900000000284e-03
1.692307700000000068e+02 1.692307700000000068e+02 0.000000000000000000e+00 0.000000000000000000e+00 0.000000000000000000e+00 2.887608600000000046e-03 2.308970400000000169e-03
1.705685599999999909e+02 1.705685599999999909e+02 0.000000000000000000e+00 0.000000000000000000e+00 0.000000000000000000e+00 5.923334300000000253e-03 5.114608900000000395e-03
1.719063500000000033e+02 1.719063500000000033e+02 0.000000000000000000e+00 0.000000000000000000e+00 0.000000000000000000e+00 4.252087699999999686e-03 6.737632200000000411e-03
1.732441499999999905e+02 1.732441499999999905e+02 0.000000000000000000e+00 0.000000000000000000e+00 0.000000000000000000e+00 1.553204099999999904e-03 2.666680299999999934e-03
1.745819400000000030e+02 1.745819400000000030e+02 0.000000000000000000e+00 0.000000000000000000e+00 0.000000000000000000e+00 3.649773399999999956e-03 3.708350899999999888e-03
1.759197299999999871e+02 1.759197299999999871e+02 0.000000000000000000e+00 0.000000000000000000e+00 0.000000000000000000e+00 5.609609399999999912e-03 6.690176800000000208e-03
1.772575300000000027e+02 1.772575300000000027e+02 0.000000000000000000e+00 0.000000000000000000e+00 0.000000000000000000e+00 2.991868500000000129e-03 3.395373699999999946e-03
1.785953199999999867e+02 1.785953199999999867e+02 0.000000000000000000e+00 0.000000000000000000e+00 0.000000000000000000e+00 1.562181699999999965e-03 2.593849000000000068e-03
1.799331099999999992e+02 1.799331099999999992e+02 0.000000000000000000e+00 0.000000000000000000e+00 0.000000000000000000e+00 4.291655299999999791e-03 6.133456899999999677e-03
1.812709000000000117e+02 1.812709000000000117e+02 0.000000000000000000e+00 0.000000000000000000e+00 0.000000000000000000e+00 4.901686799999999990e-03 4.249314100000000163e-03
1.826086999999999989e+02 1.826086999999999989e+02 0.000000000000000000e+00 0.000000000000000000e+00 0.000000000000000000e+00 1.996440999999999841e-03 1.939383100000000070e-03
1.839464900000000114e+02 1.839464900000000114e+02 0.000000000000000000e+00 0.000000000000000000e+00 0.000000000000000000e+00 1.951607900000000041e-03 5.181436000000000201e-03
1.852842799999999954e+02 1.852842799999999954e+02 0.000000000000000000e+00 0.000000000000000000e+00 0.000000000000000000e+00 4.648995700000000189e-03 4.979703299999999923e-03
1.866220700000000079e+02 1.866220700000000079e+02 0.000000000000000000e+00 0.000000000000000000e+00 0.000000000000000000e+00 3.949789500000000161e-03 1.803168200000000027e-03
1.879598699999999951e+02 1.879598699999999951e+02 0.000000000000000000e+00 0.000000000000000000e+00 0.000000000000000000e+00 1.383264900000000025e-03 4.029941199999999626e-03
1.892976600000000076e+02 1.892976600000000076e+02 0.000000000000000000e+00 0.000000000000000000e+00 0.000000000000000000e+00 2.541038199999999872e-03 5.389048100000000049e-03
1.906354499999999916e+02 1.906354499999999916e+02 0.000000000000000000e+00 0.000000000000000000e+00 0.000000000000000000e+00 4.644170700000000221e-03 2.126869400000000118e-03
1.919732400000000041e+02 1.919732400000000041e+02 0.000000000000000000e+00 0.000000000000000000e+00 0.000000000000000000e+00 2.934869100000000140e-03 2.908497900000000212e-03
1.933110399999999913e+02 1.933110399999999913e+02 0.000000000000000000e+00 0.000000000000000000e+00 0.000000000000000000e+00 1.181458600000000018e-03 5.369883599999999979e-03
1.946488300000000038e+02 1.946488300000000038e+02 0.000000000000000000e+00 0.000000000000000000e+00 0.000000000000000000e+00 3.141808199999999909e-03 2.756582100000000077e-03
1.959866199999999878e+02 1.959866199999999878e+02 0.000000000000000000e+00 0.000000000000000000e+00 0.000000000000000000e+00 4.286063599999999883e-03 2.026899100000000009e-03
1.973244100000000003e+02 1.973244100000000003e+02 0.000000000000000000e+00 0.000000000000000000e+00 0.000000000000000000e+00 2.029271500000000197e-03 4.921277899999999816e-03
1.986622099999999875e+02 1.986622099999999875e+02 0.000000000000000000e+00 0.000000000000000000e+00 0.000000000000000000e+00 1.338614199999999975e-03 3.484392499999999955e-03
2.000000000000000000e+02 2.000000000000000000e+02 0.000000000000000000e+00 0.000000000000000000e+00 0.000000000000000000e+00 3.594237200000000194e-03 1.528784199999999897e-03
