-2.000000000000000000e+02 -2.000000000000000000e+02 0.000000000000000000e+00 0.000000000000000000e+00 0.000000000000000000e+00 9.096035899999999584e-04 3.148194799999999832e-03
-1.986622099999999875e+02 -1.986622099999999875e+02 0.000000000000000000e+00 0.000000000000000000e+00 0.000000000000000000e+00 1.680132100000000014e-03 1.781014999999999942e-03
-1.973244100000000003e+02 -1.973244100000000003e+02 0.000000000000000000e+00 0.000000000000000000e+00 0.000000000000000000e+00 2.599228400000000005e-03 1.037504100000000108e-03
-1.959866199999999878e+02 -1.959866199999999878e+02 0.000000000000000000e+00 0.000000000000000000e+00 0.000000000000000000e+00 1.789866399999999903e-03 2.865047700000000145e-03
-1.946488300000000038e+02 -1.946488300000000038e+02 0.000000000000000000e+00 0.000000000000000000e+00 0.000000000000000000e+00 9.534275600000000029e-04 2.799882899999999938e-03
-1.933110399999999913e+02 -1.933110399999999913e+02 0.000000000000000000e+00 0.000000000000000000e+00 0.000000000000000000e+00 1.902218900000000098e-03 1.034813299999999981e-03
-1.919732400000000041e+02 -1.919732400000000041e+02 0.000000000000000000e+00 0.000000000000000000e+00 0.000000000000000000e+00 2.731350799999999850e-03 2.028126400000000024e-03
-1.906354499999999916e+02 -1.906354499999999916e+02 0.000000000000000000e+00 0.000000000000000000e+00 0.000000000000000000e+00 1.761262399999999903e-03 3.425172099999999799e-03
-1.892976600000000076e+02 -1.892976600000000076e+02 0.000000000000000000e+00 0.000000000000000000e+00 0.000000000000000000e+00 1.034721400000000084e-03 1.802486899999999935e-03
-1.879598699999999951e+02 -1.879598699999999951e+02 0.000000000000000000e+00 0.000000000000000000e+00 0.000000000000000000e+00 2.142528600000000085e-03 1.240032799999999909e-03
-1.866220700000000079e+02 -1.866220700000000079e+02 0.000000000000000000e+00 0.000000000000000000e+00 0.000000000000000000e+00 2.856982100000000132e-03 3.257005600000000087e-03
-1.852842799999999954e+02 -1.852842799999999954e+02 0.000000000000000000e+00 0.000000000000000000e+00 0.000000000000000000e+00 1.724845100000000058e-03 2.936146100000000189e-03
-1.839464900000000114e+02 -1.839464900000000114e+02 0.000000000000000000e+00 0.000000000000000000e+00 0.000000000000000000e+00 1.132640700000000101e-03 1.110399599999999966e-03
-1.826086999999999989e+02 -1.826086999999999989e+02 0.000000000000000000e+00 0.000000000000000000e+00 0.000000000000000000e+00 2.395616499999999888e-03 2.420912800000000163e-03
-1.812709000000000117e+02 -1.812709000000000117e+02 0.000000000000000000e+00 0.000000000000000000e+00 0.000000000000000000e+00 2.966121400000000085e-03 3.732071100000000034e-03
-1.799331099999999992e+02 -1.799331099999999992e+02 0.000000000000000000e+00 0.000000000000000000e+00 0.000000000000000000e+00 1.689384500000000108e-03 1.834635600000000030e-03
-1.785953199999999867e+02 -1.785953199999999867e+02 0.000000000000000000e+00 0.000000000000000000e+00 0.000000000000000000e+00 1.259986000000000049e-03 1.502487100000000084e-03
-1.772575300000000027e+02 -1.772575300000000027e+02 0.000000000000000000e+00 0.000000000000000000e+00 0.000000000000000000e+00 2.664962299999999989e-03 3.698101100000000113e-03
-1.759197299999999871e+02 -1.759197299999999871e+02 0.000000000000000000e+00 0.000000000000000000e+00 0.000000000000000000e+00 3.066505900000000059e-03 3.055149300000000161e-03
-1.745819400000000030e+02 -1.745819400000000030e+02 0.000000000000000000e+00 0.000000000000000000e+00 0.000000000000000000e+00 1.658122699999999960e-03 1.208607800000000053e-03
-1.732441499999999905e+02 -1.732441499999999905e+02 0.000000000000000000e+00 0.000000000000000000e+00 0.000000000000000000e+00 1.417502200000000023e-03 2.866794099999999800e-03
-1.719063500000000033e+02 -1.719063500000000033e+02 0.000000000000000000e+00 0.000000000000000000e+00 0.000000000000000000e+00 2.955593199999999917e-03 4.045443699999999934e-03
-1.705685599999999909e+02 -1.705685599999999909e+02 0.000000000000000000e+00 0.000000000000000000e+00 0.000000000000000000e+00 3.158706600000000045e-03 1.865900700000000002e-03
-1.692307700000000068e+02 -1.692307700000000068e+02 0.000000000000000000e+00 0.000000000000000000e+00 0.000000000000000000e+00 1.626531199999999922e-03 1.821580800000000000e-03
-1.678929799999999943e+02 -1.678929799999999943e+02 0.000000000000000000e+00 0.000000000000000000e+00 0.000000000000000000e+00 1.619543300000000083e-03 4.190461799999999765e-03
-1.665551800000000071e+02 -1.665551800000000071e+02 0.000000000000000000e+00 0.000000000000000000e+00 0.000000000000000000e+00 3.275516400000000154e-03 3.178722699999999950e-03
-1.652173899999999946e+02 -1.652173899999999946e+02 0.000000000000000000e+00 0.000000000000000000e+00 0.000000000000000000e+00 3.215159899999999859e-03 1.342373100000000038e-03
-1.638796000000000106e+02 -1.638796000000000106e+02 0.000000000000000000e+00 0.000000000000000000e+00 0.000000000000000000e+00 1.635199400000000077e-03 3.412527199999999903e-03
-1.625418099999999981e+02 -1.625418099999999981e+02 0.000000000000000000e+00 0.000000000000000000e+00 0.000000000000000000e+00 1.866020400000000055e-03 4.389112399999999838e-03
-1.612040100000000109e+02 -1.612040100000000109e+02 0.000000000000000000e+00 0.000000000000000000e+00 0.000000000000000000e+00 3.623692500000000143e-03 1.886928200000000024e-03
-1.598662199999999984e+02 -1.598662199999999984e+02 0.000000000000000000e+00 0.000000000000000000e+00 0.000000000000000000e+00 3.324062699999999829e-03 2.269013099999999880e-03
-1.585284299999999860e+02 -1.585284299999999860e+02 0.000000000000000000e+00 0.000000000000000000e+00 0.000000000000000000e+00 1.662793600000000071e-03 4.749141299999999795e-03
-1.571906400000000019e+02 -1.571906400000000019e+02 0.000000000000000000e+00 0.000000000000000000e+00 0.000000000000000000e+00 2.195257300000000040e-03 3.290829900000000197e-03
-1.558528399999999863e+02 -1.558528399999999863e+02 0.000000000000000000e+00 0.000000000000000000e+00 0.000000000000000000e+00 3.958957100000000395e-03 1.592783400000000096e-03
-1.545150500000000022e+02 -1.545150500000000022e+02 0.000000000000000000e+00 0.000000000000000000e+00 0.000000000000000000e+00 3.366528599999999913e-03 4.098247799999999580e-03
-1.531772599999999898e+02 -1.531772599999999898e+02 0.000000000000000000e+00 0.000000000000000000e+00 0.000000000000000000e+00 1.686353299999999913e-03 4.764254899999999758e-03
-1.518394600000000025e+02 -1.518394600000000025e+02 0.000000000000000000e+00 0.000000000000000000e+00 0.000000000000000000e+00 2.534022700000000163e-03 2.067246100000000048e-03
-1.505016699999999901e+02 -1.505016699999999901e+02 0.000000000000000000e+00 0.000000000000000000e+00 0.000000000000000000e+00 4.305428299999999701e-03 2.892966099999999888e-03
-1.491638800000000060e+02 -1.491638800000000060e+02 0.000000000000000000e+00 0.000000000000000000e+00 0.000000000000000000e+00 3.389650000000000128e-03 5.443413700000000049e-03
-1.478260899999999936e+02 -1.478260899999999936e+02 0.000000000000000000e+00 0.000000000000000000e+00 0.000000000000000000e+00 1.735771400000000022e-03 3.484609999999999964e-03
-1.464882900000000063e+02 -1.464882900000000063e+02 0.000000000000000000e+00 0.000000000000000000e+00 0.000000000000000000e+00 2.944065200000000118e-03 1.991182599999999966e-03
-1.451504999999999939e+02 -1.451504999999999939e+02 0.000000000000000000e+00 0.000000000000000000e+00 0.000000000000000000e+00 4.662174199999999900e-03 4.903387999999999844e-03
-1.438127100000000098e+02 -1.438127100000000098e+02 0.000000000000000000e+00 0.000000000000000000e+00 0.000000000000000000e+00 3.380582999999999939e-03 5.151234600000000399e-03
-1.424749199999999973e+02 -1.424749199999999973e+02 0.000000000000000000e+00 0.000000000000000000e+00 0.000000000000000000e+00 1.844316699999999946e-03 2.212229200000000087e-03
-1.411371200000000101e+02 -1.411371200000000101e+02 0.000000000000000000e+00 0.000000000000000000e+00 0.000000000000000000e+00 3.446861299999999951e-03 3.584853900000000131e-03
-1.397993299999999977e+02 -1.397993299999999977e+02 0.000000000000000000e+00 0.000000000000000000e+00 0.000000000000000000e+00 4.986398500000000129e-03 6.093749100000000335e-03
-1.384615400000000136e+02 -1.384615400000000136e+02 0.000000000000000000e+00 0.000000000000000000e+00 0.000000000000000000e+00 3.368233899999999864e-03 3.640165099999999928e-03
-1.371237500000000011e+02 -1.371237500000000011e+02 0.000000000000000000e+00 0.000000000000000000e+00 0.000000000000000000e+00 2.098693799999999839e-03 2.459133100000000099e-03
-1.357859500000000139e+02 -1.357859500000000139e+02 0.000000000000000000e+00 0.000000000000000000e+00 0.000000000000000000e+00 3.919828400000000337e-03 5.750296400000000363e-03
-1.344481600000000014e+02 -1.344481600000000014e+02 0.000000000000000000e+00 0.000000000000000000e+00 0.000000000000000000e+00 5.404202299999999980e-03 5.566843800000000411e-03
-1.331103699999999890e+02 -1.331103699999999890e+02 0.000000000000000000e+00 0.000000000000000000e+00 0.000000000000000000e+00 3.383578099999999967e-03 2.472369500000000039e-03
-1.317725800000000049e+02 -1.317725800000000049e+02 0.000000000000000000e+00 0.000000000000000000e+00 0.000000000000000000e+00 2.485116900000000194e-03 4.375135199999999683e-03
-1.304347799999999893e+02 -1.304347799999999893e+02 0.000000000000000000e+00 0.000000000000000000e+00 0.000000000000000000e+00 4.757019099999999952e-03 6.924599800000000305e-03
-1.290969900000000052e+02 -1.290969900000000052e+02 0.000000000000000000e+00 0.000000000000000000e+00 0.000000000000000000e+00 5.858448799999999880e-03 3.898649799999999964e-03
-1.277592000000000070e+02 -1.277592000000000070e+02 0.000000000000000000e+00 0.000000000000000000e+00 0.000000000000000000e+00 3.601542899999999985e-03 2.946381899999999960e-03
-1.264214000000000055e+02 -1.264214000000000055e+02 0.000000000000000000e+00 0.000000000000000000e+00 0.000000000000000000e+00 2.848238300000000001e-03 6.991169299999999871e-03
-1.250836099999999931e+02 -1.250836099999999931e+02 0.000000000000000000e+00 0.000000000000000000e+00 0.000000000000000000e+00 5.421853400000000052e-03 6.030675699999999903e-03
-1.237458199999999948e+02 -1.237458199999999948e+02 0.000000000000000000e+00 0.000000000000000000e+00 0.000000000000000000e+00 6.143186699999999938e-03 2.814650599999999909e-03
-1.224080299999999966e+02 -1.224080299999999966e+02 0.000000000000000000e+00 0.000000000000000000e+00 0.000000000000000000e+00 3.613329199999999828e-03 5.671965499999999903e-03
-1.210702299999999951e+02 -1.210702299999999951e+02 0.000000000000000000e+00 0.000000000000000000e+00 0.000000000000000000e+00 3.323753100000000071e-03 8.081418800000000208e-03
-1.197324399999999969e+02 -1.197324399999999969e+02 0.000000000000000000e+00 0.000000000000000000e+00 0.000000000000000000e+00 6.130471799999999589e-03 4.366408999999999915e-03
-1.183946499999999986e+02 -1.183946499999999986e+02 0.000000000000000000e+00 0.000000000000000000e+00 0.000000000000000000e+00 6.370391700000000226e-03 4.456141099999999869e-03
-1.170568600000000004e+02 -1.170568600000000004e+02 0.000000000000000000e+00 0.000000000000000000e+00 0.000000000000000000e+00 3.730108000000000208e-03 8.760366199999999534e-03
-1.157190599999999989e+02 -1.157190599999999989e+02 0.000000000000000000e+00 0.000000000000000000e+00 0.000000000000000000e+00 3.958958999999999742e-03 6.995290200000000430e-03
-1.143812700000000007e+02 -1.143812700000000007e+02 0.000000000000000000e+00 0.000000000000000000e+00 0.000000000000000000e+00 6.811777399999999899e-03 3.766366199999999793e-03
-1.130434800000000024e+02 -1.130434800000000024e+02 0.000000000000000000e+00 0.000000000000000000e+00 0.000000000000000000e+00 6.615399699999999911e-03 7.614522200000000372e-03
-1.117056900000000041e+02 -1.117056900000000041e+02 0.000000000000000000e+00 0.000000000000000000e+00 0.000000000000000000e+00 4.100913399999999570e-03 9.303901099999999438e-03
-1.103678900000000027e+02 -1.103678900000000027e+02 0.000000000000000000e+00 0.000000000000000000e+00 0.000000000000000000e+00 4.601808399999999903e-03 4.806652600000000004e-03
-1.090301000000000045e+02 -1.090301000000000045e+02 0.000000000000000000e+00 0.000000000000000000e+00 0.000000000000000000e+00 7.469104399999999984e-03 5.788774499999999740e-03
-1.076923100000000062e+02 -1.076923100000000062e+02 0.000000000000000000e+00 0.000000000000000000e+00 0.000000000000000000e+00 7.352139799999999996e-03 1.028507900000000079e-02
-1.063545199999999937e+02 -1.063545199999999937e+02 0.000000000000000000e+00 0.000000000000000000e+00 0.000000000000000000e+00 4.222029300000000075e-03 7.328338299999999882e-03
-1.050167200000000065e+02 -1.050167200000000065e+02 0.000000000000000000e+00 0.000000000000000000e+00 0.000000000000000000e+00 5.652827699999999830e-03 4.724182799999999786e-03
-1.036789299999999940e+02 -1.036789299999999940e+02 0.000000000000000000e+00 0.000000000000000000e+00 0.000000000000000000e+00 8.630329399999999221e-03 9.520029799999999570e-03
-1.023411399999999958e+02 -1.023411399999999958e+02 0.000000000000000000e+00 0.000000000000000000e+00 0.000000000000000000e+00 8.383356800000000067e-03 1.008591000000000001e-02
-1.010033399999999943e+02 -1.010033399999999943e+02 0.000000000000000000e+00 0.000000000000000000e+00 0.000000000000000000e+00 5.701547599999999723e-03 5.561203699999999611e-03
-9.966555200000000525e+01 -9.966555200000000525e+01 0.000000000000000000e+00 0.000000000000000000e+00 0.000000000000000000e+00 7.338485900000000367e-03 7.740967900000000380e-03
-9.832775900000000036e+01 -9.832775900000000036e+01 0.000000000000000000e+00 0.000000000000000000e+00 0.000000000000000000e+00 1.043713999999999927e-02 1.156688600000000018e-02
-9.698996699999999294e+01 -9.698996699999999294e+01 0.000000000000000000e+00 0.000000000000000000e+00 0.000000000000000000e+00 8.968758699999999223e-03 8.445913100000000673e-03
-9.565217400000000225e+01 -9.565217400000000225e+01 0.000000000000000000e+00 0.000000000000000000e+00 0.000000000000000000e+00 6.267533999999999952e-03 6.437487900000000290e-03
-9.431438099999999736e+01 -9.431438099999999736e+01 0.000000000000000000e+00 0.000000000000000000e+00 0.000000000000000000e+00 8.320582599999999315e-03 1.098821399999999962e-02
-9.297658900000000415e+01 -9.297658900000000415e+01 0.000000000000000000e+00 0.000000000000000000e+00 0.000000000000000000e+00 1.135278999999999976e-02 1.245876999999999922e-02
-9.163879599999999925e+01 -9.163879599999999925e+01 0.000000000000000000e+00 0.000000000000000000e+00 0.000000000000000000e+00 9.637674000000000588e-03 6.533842100000000243e-03
-9.030100299999999436e+01 -9.030100299999999436e+01 0.000000000000000000e+00 0.000000000000000000e+00 0.000000000000000000e+00 6.920680799999999640e-03 1.023787200000000029e-02
-8.896321100000000115e+01 -8.896321100000000115e+01 0.000000000000000000e+00 0.000000000000000000e+00 0.000000000000000000e+00 9.254590199999999239e-03 1.468218500000000037e-02
-8.762541799999999625e+01 -8.762541799999999625e+01 0.000000000000000000e+00 0.000000000000000000e+00 0.000000000000000000e+00 1.263275399999999951e-02 1.111822299999999999e-02
-8.628762500000000557e+01 -8.628762500000000557e+01 0.000000000000000000e+00 0.000000000000000000e+00 0.000000000000000000e+00 1.067704899999999922e-02 1.000501200000000063e-02
-8.494983299999999815e+01 -8.494983299999999815e+01 0.000000000000000000e+00 0.000000000000000000e+00 0.000000000000000000e+00 7.377823999999999841e-03 1.766066399999999953e-02
-8.361203999999999326e+01 -8.361203999999999326e+01 0.000000000000000000e+00 0.000000000000000000e+00 0.000000000000000000e+00 1.033525899999999942e-02 1.683582700000000112e-02
-8.227424700000000257e+01 -8.227424700000000257e+01 0.000000000000000000e+00 0.000000000000000000e+00 0.000000000000000000e+00 1.509531899999999940e-02 1.094522399999999993e-02
-8.093645499999999515e+01 -8.093645499999999515e+01 0.000000000000000000e+00 0.000000000000000000e+00 0.000000000000000000e+00 1.143205100000000037e-02 1.580596500000000168e-02
-7.959866200000000447e+01 -7.959866200000000447e+01 0.000000000000000000e+00 0.000000000000000000e+00 0.000000000000000000e+00 7.227245200000000265e-03 2.052170000000000036e-02
-7.826086999999999705e+01 -7.826086999999999705e+01 0.000000000000000000e+00 0.000000000000000000e+00 0.000000000000000000e+00 1.416112999999999920e-02 1.365954800000000052e-02
-7.692307700000000636e+01 -7.692307700000000636e+01 0.000000000000000000e+00 0.000000000000000000e+00 0.000000000000000000e+00 1.678983200000000106e-02 1.317834199999999914e-02
-7.558528400000000147e+01 -7.558528400000000147e+01 0.000000000000000000e+00 0.000000000000000000e+00 0.000000000000000000e+00 1.250351499999999977e-02 2.204933499999999977e-02
-7.424749199999999405e+01 -7.424749199999999405e+01 0.000000000000000000e+00 0.000000000000000000e+00 0.000000000000000000e+00 1.076454999999999947e-02 1.860989299999999888e-02
-7.290969900000000337e+01 -7.290969900000000337e+01 0.000000000000000000e+00 0.000000000000000000e+00 0.000000000000000000e+00 1.971785599999999888e-02 1.196465199999999923e-02
-7.157190599999999847e+01 -7.157190599999999847e+01 0.000000000000000000e+00 0.000000000000000000e+00 0.000000000000000000e+00 2.366440800000000136e-02 2.105744099999999966e-02
-7.023411400000000526e+01 -7.023411400000000526e+01 0.000000000000000000e+00 0.000000000000000000e+00 0.000000000000000000e+00 1.746141899999999886e-02 2.404746500000000051e-02
-6.889632100000000037e+01 -6.889632100000000037e+01 0.000000000000000000e+00 0.000000000000000000e+00 0.000000000000000000e+00 1.552880100000000006e-02 1.359389299999999925e-02
-6.755852799999999547e+01 -6.755852799999999547e+01 0.000000000000000000e+00 0.000000000000000000e+00 0.000000000000000000e+00 2.373083299999999979e-02 1.892326000000000077e-02
-6.622073600000000226e+01 -6.622073600000000226e+01 0.000000000000000000e+00 0.000000000000000000e+00 0.000000000000000000e+00 2.622953499999999827e-02 2.799372799999999897e-02
-6.488294299999999737e+01 -6.488294299999999737e+01 0.000000000000000000e+00 0.000000000000000000e+00 0.000000000000000000e+00 1.769698000000000104e-02 1.777967399999999878e-02
-6.354515099999999705e+01 -6.354515099999999705e+01 0.000000000000000000e+00 0.000000000000000000e+00 0.000000000000000000e+00 1.679254399999999953e-02 1.861360800000000024e-02
-6.220735799999999927e+01 -6.220735799999999927e+01 0.000000000000000000e+00 0.000000000000000000e+00 0.000000000000000000e+00 2.818150000000000169e-02 2.905611799999999884e-02
-6.086956500000000148e+01 -6.086956500000000148e+01 0.000000000000000000e+00 0.000000000000000000e+00 0.000000000000000000e+00 2.876028400000000054e-02 2.314255499999999868e-02
-5.953177300000000116e+01 -5.953177300000000116e+01 0.000000000000000000e+00 0.000000000000000000e+00 0.000000000000000000e+00 1.686777299999999910e-02 2.340474400000000163e-02
-5.819398000000000337e+01 -5.819398000000000337e+01 0.000000000000000000e+00 0.000000000000000000e+00 0.000000000000000000e+00 1.959404400000000143e-02 2.469942300000000160e-02
-5.685618699999999848e+01 -5.685618699999999848e+01 0.000000000000000000e+00 0.000000000000000000e+00 0.000000000000000000e+00 3.506025699999999745e-02 3.571451300000000328e-02
-5.551839499999999816e+01 -5.551839499999999816e+01 0.000000000000000000e+00 0.000000000000000000e+00 0.000000000000000000e+00 2.988160299999999964e-02 2.556311199999999895e-02
-5.418060200000000037e+01 -5.418060200000000037e+01 0.000000000000000000e+00 0.000000000000000000e+00 0.000000000000000000e+00 1.501823400000000010e-02 3.473160799999999715e-02
-5.284280900000000258e+01 -5.284280900000000258e+01 0.000000000000000000e+00 0.000000000000000000e+00 0.000000000000000000e+00 2.856925199999999984e-02 4.795115800000000067e-02
-5.150501700000000227e+01 -5.150501700000000227e+01 0.000000000000000000e+00 0.000000000000000000e+00 0.000000000000000000e+00 4.191728100000000068e-02 4.979028600000000304e-02
-5.016722399999999737e+01 -5.016722399999999737e+01 0.000000000000000000e+00 0.000000000000000000e+00 0.000000000000000000e+00 2.576485200000000128e-02 4.446224599999999694e-02
-4.882943099999999959e+01 -4.882943099999999959e+01 0.000000000000000000e+00 0.000000000000000000e+00 0.000000000000000000e+00 2.488203599999999974e-02 5.164166800000000168e-02
-4.749163899999999927e+01 -4.749163899999999927e+01 0.000000000000000000e+00 0.000000000000000000e+00 0.000000000000000000e+00 3.756638200000000233e-02 5.624386099999999916e-02
-4.615384600000000148e+01 -4.615384600000000148e+01 0.000000000000000000e+00 0.000000000000000000e+00 0.000000000000000000e+00 4.553456000000000170e-02 5.014980399999999922e-02
-4.481605400000000117e+01 -4.481605400000000117e+01 0.000000000000000000e+00 0.000000000000000000e+00 0.000000000000000000e+00 4.121610600000000235e-02 4.997798099999999771e-02
-4.347826100000000338e+01 -4.347826100000000338e+01 0.000000000000000000e+00 0.000000000000000000e+00 0.000000000000000000e+00 4.232570599999999766e-02 5.901084399999999980e-02
-4.214046799999999848e+01 -4.214046799999999848e+01 0.000000000000000000e+00 0.000000000000000000e+00 0.000000000000000000e+00 6.768652499999999739e-02 5.962222899999999881e-02
-4.080267599999999817e+01 -4.080267599999999817e+01 0.000000000000000000e+00 0.000000000000000000e+00 0.000000000000000000e+00 7.504036199999999934e-02 5.101858599999999772e-02
-3.946488300000000038e+01 -3.946488300000000038e+01 0.000000000000000000e+00 0.000000000000000000e+00 0.000000000000000000e+00 5.500005599999999856e-02 5.747272099999999745e-02
-3.812709000000000259e+01 -3.812709000000000259e+01 0.000000000000000000e+00 0.000000000000000000e+00 0.000000000000000000e+00 5.387030999999999764e-02 7.092028599999999905e-02
-3.678929800000000228e+01 -3.678929800000000228e+01 0.000000000000000000e+00 0.000000000000000000e+00 0.000000000000000000e+00 8.037163699999999578e-02 5.811427400000000049e-02
-3.545150499999999738e+01 -3.545150499999999738e+01 0.000000000000000000e+00 0.000000000000000000e+00 0.000000000000000000e+00 7.863194299999999581e-02 5.226307899999999701e-02
-3.411371199999999959e+01 -3.411371199999999959e+01 0.000000000000000000e+00 0.000000000000000000e+00 0.000000000000000000e+00 5.181639700000000015e-02 8.217789300000000186e-02
-3.277591999999999928e+01 -3.277591999999999928e+01 0.000000000000000000e+00 0.000000000000000000e+00 0.000000000000000000e+00 6.455648499999999679e-02 7.243831700000000207e-02
-3.143812700000000149e+01 -3.143812700000000149e+01 0.000000000000000000e+00 0.000000000000000000e+00 0.000000000000000000e+00 9.485957300000000258e-02 4.533127199999999885e-02
-3.010033400000000015e+01 -3.010033400000000015e+01 0.000000000000000000e+00 0.000000000000000000e+00 0.000000000000000000e+00 7.642604999999999538e-02 9.494171499999999597e-02
-2.876254199999999983e+01 -2.876254199999999983e+01 0.000000000000000000e+00 0.000000000000000000e+00 0.000000000000000000e+00 5.093671699999999941e-02 8.995116499999999959e-02
-2.742474899999999849e+01 -2.742474899999999849e+01 0.000000000000000000e+00 0.000000000000000000e+00 0.000000000000000000e+00 8.777095199999999930e-02 4.410418900000000197e-02
-2.608695700000000173e+01 -2.608695700000000173e+01 0.000000000000000000e+00 0.000000000000000000e+00 0.000000000000000000e+00 1.059284499999999934e-01 1.137568399999999980e-01
-2.474916400000000039e+01 -2.474916400000000039e+01 0.000000000000000000e+00 0.000000000000000000e+00 0.000000000000000000e+00 6.475987299999999558e-02 8.874265200000000520e-02
-2.341137099999999904e+01 -2.341137099999999904e+01 0.000000000000000000e+00 0.000000000000000000e+00 0.000000000000000000e+00 7.499477000000000226e-02 9.863017500000000048e-02
-2.207357899999999873e+01 -2.207357899999999873e+01 0.000000000000000000e+00 0.000000000000000000e+00 0.000000000000000000e+00 1.161822700000000042e-01 8.575776100000000179e-02
-2.073578600000000094e+01 -2.073578600000000094e+01 0.000000000000000000e+00 0.000000000000000000e+00 0.000000000000000000e+00 9.095324000000000464e-02 1.756708399999999948e-01
-1.939799299999999960e+01 -1.939799299999999960e+01 0.000000000000000000e+00 0.000000000000000000e+00 0.000000000000000000e+00 9.911748800000000359e-02 1.726930600000000093e-01
-1.806020099999999928e+01 -1.806020099999999928e+01 0.000000000000000000e+00 0.000000000000000000e+00 0.000000000000000000e+00 1.095962099999999995e-01 1.890722499999999973e-01
-1.672240800000000149e+01 -1.672240800000000149e+01 0.000000000000000000e+00 0.000000000000000000e+00 0.000000000000000000e+00 1.097026200000000007e-01 2.319672799999999979e-01
-1.538461500000000015e+01 -1.538461500000000015e+01 0.000000000000000000e+00 0.000000000000000000e+00 0.000000000000000000e+00 1.745744999999999936e-01 2.115131000000000094e-01
-1.404682299999999984e+01 -1.404682299999999984e+01 0.000000000000000000e+00 0.000000000000000000e+00 0.000000000000000000e+00 1.636708699999999961e-01 1.879749699999999912e-01
-1.270903000000000027e+01 -1.270903000000000027e+01 0.000000000000000000e+00 0.000000000000000000e+00 0.000000000000000000e+00 2.223966500000000013e-01 2.388216099999999897e-01
-1.137123700000000071e+01 -1.137123700000000071e+01 0.000000000000000000e+00 0.000000000000000000e+00 0.000000000000000000e+00 2.605308000000000068e-01 2.330360200000000104e-01
-1.003344500000000039e+01 -1.003344500000000039e+01 0.000000000000000000e+00 0.000000000000000000e+00 0.000000000000000000e+00 2.392695599999999923e-01 1.877560400000000129e-01
-8.695652199999999610e+00 -8.695652199999999610e+00 0.000000000000000000e+00 0.000000000000000000e+00 0.000000000000000000e+00 2.130297600000000124e-01 2.435981500000000133e-01
-7.357859499999999997e+00 -7.357859499999999997e+00 0.000000000000000000e+00 0.000000000000000000e+00 0.000000000000000000e+00 2.570710399999999729e-01 2.568524600000000047e-01
-6.020066899999999777e+00 -6.020066899999999777e+00 0.000000000000000000e+00 0.000000000000000000e+00 0.000000000000000000e+00 2.781393799999999916e-01 1.911612799999999890e-01
-4.682274200000000164e+00 -4.682274200000000164e+00 0.000000000000000000e+00 0.000000000000000000e+00 0.000000000000000000e+00 2.279910800000000126e-01 2.520882300000000242e-01
-3.344481599999999943e+00 -3.344481599999999943e+00 0.000000000000000000e+00 0.000000000000000000e+00 0.000000000000000000e+00 2.320978200000000102e-01 2.837194800000000239e-01
-2.006689000000000167e+00 -2.006689000000000167e+00 0.000000000000000000e+00 0.000000000000000000e+00 0.000000000000000000e+00 2.996828100000000217e-01 1.952479500000000034e-01
-6.688963199999999887e-01 -6.688963199999999887e-01 0.000000000000000000e+00 0.000000000000000000e+00 0.000000000000000000e+00 2.750804299999999869e-01 2.745117899999999778e-01
6.688963199999999887e-01 6.688963199999999887e-01 0.000000000000000000e+00 0.000000000000000000e+00 0.000000000000000000e+00 2.152087799999999884e-01 3.134335200000000210e-01
2.006689000000000167e+00 2.006689000000000167e+00 0.000000000000000000e+00 0.000000000000000000e+00 0.000000000000000000e+00 2.995982300000000209e-01 1.947111800000000115e-01
3.344481599999999943e+00 3.344481599999999943e+00 0.000000000000000000e+00 0.000000000000000000e+00 0.000000000000000000e+00 3.331329599999999780e-01 3.335308599999999846e-01
4.682274200000000164e+00 4.682274200000000164e+00 0.000000000000000000e+00 0.000000000000000000e+00 0.000000000000000000e+00 2.261329599999999940e-01 3.290493700000000077e-01
6.020066899999999777e+00 6.020066899999999777e+00 0.000000000000000000e+00 0.000000000000000000e+00 0.000000000000000000e+00 2.981012499999999843e-01 2.199816300000000113e-01
7.357859499999999997e+00 7.357859499999999997e+00 0.000000000000000000e+00 0.000000000000000000e+00 0.000000000000000000e+00 3.965584999999999805e-01 4.469257500000000105e-01
8.695652199999999610e+00 8.695652199999999610e+00 0.000000000000000000e+00 0.000000000000000000e+00 0.000000000000000000e+00 2.420354999999999868e-01 2.270696100000000051e-01
1.003344500000000039e+01 1.003344500000000039e+01 0.000000000000000000e+00 0.000000000000000000e+00 0.000000000000000000e+00 3.604828400000000266e-01 5.072339999999999627e-01
1.137123700000000071e+01 1.137123700000000071e+01 0.000000000000000000e+00 0.000000000000000000e+00 0.000000000000000000e+00 4.690610499999999794e-01 2.747381199999999746e-01
1.270903000000000027e+01 1.270903000000000027e+01 0.000000000000000000e+00 0.000000000000000000e+00 0.000000000000000000e+00 2.355969800000000114e-01 6.750079399999999730e-01
1.404682299999999984e+01 1.404682299999999984e+01 0.000000000000000000e+00 0.000000000000000000e+00 0.000000000000000000e+00 6.188108599999999626e-01 8.520051800000000286e-01
1.538461500000000015e+01 1.538461500000000015e+01 0.000000000000000000e+00 0.000000000000000000e+00 0.000000000000000000e+00 6.158412300000000172e-01 9.312463899999999795e-01
1.672240800000000149e+01 1.672240800000000149e+01 0.000000000000000000e+00 0.000000000000000000e+00 0.000000000000000000e+00 8.962974500000000511e-01 9.412947900000000478e-01
1.806020099999999928e+01 1.806020099999999928e+01 0.000000000000000000e+00 0.000000000000000000e+00 0.000000000000000000e+00 9.219788100000000375e-01 9.438897499999999718e-01
1.939799299999999960e+01 1.939799299999999960e+01 0.000000000000000000e+00 0.000000000000000000e+00 0.000000000000000000e+00 9.289451300000000078e-01 9.440833400000000486e-01
2.073578600000000094e+01 2.073578600000000094e+01 0.000000000000000000e+00 0.000000000000000000e+00 0.000000000000000000e+00 9.310332100000000555e-01 9.431404799999999478e-01
2.207357899999999873e+01 2.207357899999999873e+01 0.000000000000000000e+00 0.000000000000000000e+00 0.000000000000000000e+00 9.310315700000000305e-01 9.415251199999999931e-01
2.341137099999999904e+01 2.341137099999999904e+01 0.000000000000000000e+00 0.000000000000000000e+00 0.000000000000000000e+00 9.298643899999999851e-01 9.394398699999999547e-01
2.474916400000000039e+01 2.474916400000000039e+01 0.000000000000000000e+00 0.000000000000000000e+00 0.000000000000000000e+00 9.279147300000000209e-01 9.369783699999999493e-01
2.608695700000000173e+01 2.608695700000000173e+01 0.000000000000000000e+00 0.000000000000000000e+00 0.000000000000000000e+00 9.253556200000000453e-01 9.341799100000000022e-01
2.742474899999999849e+01 2.742474899999999849e+01 0.000000000000000000e+00 0.000000000000000000e+00 0.000000000000000000e+00 9.222593599999999725e-01 9.310518399999999639e-01
2.876254199999999983e+01 2.876254199999999983e+01 0.000000000000000000e+00 0.000000000000000000e+00 0.000000000000000000e+00 9.186396199999999901e-01 9.275789399999999629e-01
3.010033400000000015e+01 3.010033400000000015e+01 0.000000000000000000e+00 0.000000000000000000e+00 0.000000000000000000e+00 9.144678400000000318e-01 9.237267700000000303e-01
3.143812700000000149e+01 3.143812700000000149e+01 0.000000000000000000e+00 0.000000000000000000e+00 0.000000000000000000e+00 9.096771200000000057e-01 9.194410400000000427e-01
3.277591999999999928e+01 3.277591999999999928e+01 0.000000000000000000e+00 0.000000000000000000e+00 0.000000000000000000e+00 9.041576900000000139e-01 9.146439899999999623e-01
3.411371199999999959e+01 3.411371199999999959e+01 0.000000000000000000e+00 0.000000000000000000e+00 0.000000000000000000e+00 8.977436399999999539e-01 9.092270399999999864e-01
3.545150499999999738e+01 3.545150499999999738e+01 0.000000000000000000e+00 0.000000000000000000e+00 0.000000000000000000e+00 8.901872400000000463e-01 9.030380199999999968e-01
3.678929800000000228e+01 3.678929800000000228e+01 0.000000000000000000e+00 0.000000000000000000e+00 0.000000000000000000e+00 8.811108800000000407e-01 8.958595999999999782e-01
3.812709000000000259e+01 3.812709000000000259e+01 0.000000000000000000e+00 0.000000000000000000e+00 0.000000000000000000e+00 8.699141999999999708e-01 8.873712499999999448e-01
3.946488300000000038e+01 3.946488300000000038e+01 0.000000000000000000e+00 0.000000000000000000e+00 0.000000000000000000e+00 8.555803300000000000e-01 8.770787599999999573e-01
4.080267599999999817e+01 4.080267599999999817e+01 0.000000000000000000e+00 0.000000000000000000e+00 0.000000000000000000e+00 8.362247000000000430e-01 8.641735299999999675e-01
4.214046799999999848e+01 4.214046799999999848e+01 0.000000000000000000e+00 0.000000000000000000e+00 0.000000000000000000e+00 8.078739000000000336e-01 8.472217100000000167e-01
4.347826100000000338e+01 4.347826100000000338e+01 0.000000000000000000e+00 0.000000000000000000e+00 0.000000000000000000e+00 7.604224499999999720e-01 8.233798900000000032e-01
4.481605400000000117e+01 4.481605400000000117e+01 0.000000000000000000e+00 0.000000000000000000e+00 0.000000000000000000e+00 6.617325499999999749e-01 7.860260900000000106e-01
4.615384600000000148e+01 4.615384600000000148e+01 0.000000000000000000e+00 0.000000000000000000e+00 0.000000000000000000e+00 4.675204700000000213e-01 7.160214200000000195e-01
4.749163899999999927e+01 4.749163899999999927e+01 0.000000000000000000e+00 0.000000000000000000e+00 0.000000000000000000e+00 3.691296299999999864e-01 5.660444799999999610e-01
4.882943099999999959e+01 4.882943099999999959e+01 0.000000000000000000e+00 0.000000000000000000e+00 0.000000000000000000e+00 2.175660000000000094e-01 4.123320799999999897e-01
5.016722399999999737e+01 5.016722399999999737e+01 0.000000000000000000e+00 0.000000000000000000e+00 0.000000000000000000e+00 2.623558400000000068e-01 3.100008399999999997e-01
5.150501700000000227e+01 5.150501700000000227e+01 0.000000000000000000e+00 0.000000000000000000e+00 0.000000000000000000e+00 1.524886000000000019e-01 2.506303899999999807e-01
5.284280900000000258e+01 5.284280900000000258e+01 0.000000000000000000e+00 0.000000000000000000e+00 0.000000000000000000e+00 1.308805799999999964e-01 1.908940399999999871e-01
5.418060200000000037e+01 5.418060200000000037e+01 0.000000000000000000e+00 0.000000000000000000e+00 0.000000000000000000e+00 1.806311700000000076e-01 2.073030700000000059e-01
5.551839499999999816e+01 5.551839499999999816e+01 0.000000000000000000e+00 0.000000000000000000e+00 0.000000000000000000e+00 9.129097899999999433e-02 1.089533000000000029e-01
5.685618699999999848e+01 5.685618699999999848e+01 0.000000000000000000e+00 0.000000000000000000e+00 0.000000000000000000e+00 7.593219299999999505e-02 1.610513799999999940e-01
5.819398000000000337e+01 5.819398000000000337e+01 0.000000000000000000e+00 0.000000000000000000e+00 0.000000000000000000e+00 1.332064400000000093e-01 1.220834300000000067e-01
5.953177300000000116e+01 5.953177300000000116e+01 0.000000000000000000e+00 0.000000000000000000e+00 0.000000000000000000e+00 8.321651600000000426e-02 7.356437700000000024e-02
6.086956500000000148e+01 6.086956500000000148e+01 0.000000000000000000e+00 0.000000000000000000e+00 0.000000000000000000e+00 3.795073799999999775e-02 1.278995099999999940e-01
6.220735799999999927e+01 6.220735799999999927e+01 0.000000000000000000e+00 0.000000000000000000e+00 0.000000000000000000e+00 8.843373100000000153e-02 8.074455299999999669e-02
6.354515099999999705e+01 6.354515099999999705e+01 0.000000000000000000e+00 0.000000000000000000e+00 0.000000000000000000e+00 8.753790999999999656e-02 5.507762299999999916e-02
6.488294299999999737e+01 6.488294299999999737e+01 0.000000000000000000e+00 0.000000000000000000e+00 0.000000000000000000e+00 3.128544199999999664e-02 1.007118699999999950e-01
6.622073600000000226e+01 6.622073600000000226e+01 0.000000000000000000e+00 0.000000000000000000e+00 0.000000000000000000e+00 4.310886299999999727e-02 6.261046900000000193e-02
6.755852799999999547e+01 6.755852799999999547e+01 0.000000000000000000e+00 0.000000000000000000e+00 0.000000000000000000e+00 7.766804200000000658e-02 3.997253399999999707e-02
6.889632100000000037e+01 6.889632100000000037e+01 0.000000000000000000e+00 0.000000000000000000e+00 0.000000000000000000e+00 4.764565600000000151e-02 7.972933699999999735e-02
7.023411400000000526e+01 7.023411400000000526e+01 0.000000000000000000e+00 0.000000000000000000e+00 0.000000000000000000e+00 1.819960500000000064e-02 5.495427299999999793e-02
7.157190599999999847e+01 7.157190599999999847e+01 0.000000000000000000e+00 0.000000000000000000e+00 0.000000000000000000e+00 4.787826199999999782e-02 2.842592099999999983e-02
7.290969900000000337e+01 7.290969900000000337e+01 0.000000000000000000e+00 0.000000000000000000e+00 0.000000000000000000e+00 5.850910499999999875e-02 6.204067199999999810e-02
7.424749199999999405e+01 7.424749199999999405e+01 0.000000000000000000e+00 0.000000000000000000e+00 0.000000000000000000e+00 2.449307599999999904e-02 5.184822000000000042e-02
7.558528400000000147e+01 7.558528400000000147e+01 0.000000000000000000e+00 0.000000000000000000e+00 0.000000000000000000e+00 1.846814899999999968e-02 2.147900800000000082e-02
7.692307700000000636e+01 7.692307700000000636e+01 0.000000000000000000e+00 0.000000000000000000e+00 0.000000000000000000e+00 4.612996199999999658e-02 4.592757799999999668e-02
7.826086999999999705e+01 7.826086999999999705e+01 0.000000000000000000e+00 0.000000000000000000e+00 0.000000000000000000e+00 4.085117299999999757e-02 4.974040999999999879e-02
7.959866200000000447e+01 7.959866200000000447e+01 0.000000000000000000e+00 0.000000000000000000e+00 0.000000000000000000e+00 1.346919000000000068e-02 1.945999199999999887e-02
8.093645499999999515e+01 8.093645499999999515e+01 0.000000000000000000e+00 0.000000000000000000e+00 0.000000000000000000e+00 2.098836000000000104e-02 3.140790300000000090e-02
8.227424700000000257e+01 8.227424700000000257e+01 0.000000000000000000e+00 0.000000000000000000e+00 0.000000000000000000e+00 4.073506999999999822e-02 4.619253000000000248e-02
8.361203999999999326e+01 8.361203999999999326e+01 0.000000000000000000e+00 0.000000000000000000e+00 0.000000000000000000e+00 2.738721400000000000e-02 2.148961099999999874e-02
8.494983299999999815e+01 8.494983299999999815e+01 0.000000000000000000e+00 0.000000000000000000e+00 0.000000000000000000e+00 9.152168800000000728e-03 1.977925599999999853e-02
8.628762500000000557e+01 8.628762500000000557e+01 0.000000000000000000e+00 0.000000000000000000e+00 0.000000000000000000e+00 2.261677900000000005e-02 3.991504700000000211e-02
8.762541799999999625e+01 8.762541799999999625e+01 0.000000000000000000e+00 0.000000000000000000e+00 0.000000000000000000e+00 3.414587499999999914e-02 2.552067900000000097e-02
8.896321100000000115e+01 8.896321100000000115e+01 0.000000000000000000e+00 0.000000000000000000e+00 0.000000000000000000e+00 1.800506300000000171e-02 1.262866900000000035e-02
9.030100299999999436e+01 9.030100299999999436e+01 0.000000000000000000e+00 0.000000000000000000e+00 0.000000000000000000e+00 8.065702600000000319e-03 3.104989699999999991e-02
9.163879599999999925e+01 9.163879599999999925e+01 0.000000000000000000e+00 0.000000000000000000e+00 0.000000000000000000e+00 2.291091400000000097e-02 2.897039499999999948e-02
9.297658900000000415e+01 9.297658900000000415e+01 0.000000000000000000e+00 0.000000000000000000e+00 0.000000000000000000e+00 2.768096600000000129e-02 1.065910699999999926e-02
9.431438099999999736e+01 9.431438099999999736e+01 0.000000000000000000e+00 0.000000000000000000e+00 0.000000000000000000e+00 1.183273399999999927e-02 2.117245800000000164e-02
9.565217400000000225e+01 9.565217400000000225e+01 0.000000000000000000e+00 0.000000000000000000e+00 0.000000000000000000e+00 8.333869799999999231e-03 2.965350699999999909e-02
9.698996699999999294e+01 9.698996699999999294e+01 0.000000000000000000e+00 0.000000000000000000e+00 0.000000000000000000e+00 2.214052799999999960e-02 1.296421199999999926e-02
9.832775900000000036e+01 9.832775900000000036e+01 0.000000000000000000e+00 0.000000000000000000e+00 0.000000000000000000e+00 2.192347299999999888e-02 1.271812999999999937e-02
9.966555200000000525e+01 9.966555200000000525e+01 0.000000000000000000e+00 0.000000000000000000e+00 0.000000000000000000e+00 7.970354000000000674e-03 2.660188299999999978e-02
1.010033399999999943e+02 1.010033399999999943e+02 0.000000000000000000e+00 0.000000000000000000e+00 0.000000000000000000e+00 9.025826100000000282e-03 1.722081199999999854e-02
1.023411399999999958e+02 1.023411399999999958e+02 0.000000000000000000e+00 0.000000000000000000e+00 0.000000000000000000e+00 2.067249599999999854e-02 7.866597899999999352e-03
1.036789299999999940e+02 1.036789299999999940e+02 0.000000000000000000e+00 0.000000000000000000e+00 0.000000000000000000e+00 1.706436199999999959e-02 2.046148500000000148e-02
1.050167200000000065e+02 1.050167200000000065e+02 0.000000000000000000e+00 0.000000000000000000e+00 0.000000000000000000e+00 5.692247800000000378e-03 2.065840000000000037e-02
1.063545199999999937e+02 1.063545199999999937e+02 0.000000000000000000e+00 0.000000000000000000e+00 0.000000000000000000e+00 9.711542400000000227e-03 7.394953600000000321e-03
1.076923100000000062e+02 1.076923100000000062e+02 0.000000000000000000e+00 0.000000000000000000e+00 0.000000000000000000e+00 1.881132199999999838e-02 1.327045900000000007e-02
1.090301000000000045e+02 1.090301000000000045e+02 0.000000000000000000e+00 0.000000000000000000e+00 0.000000000000000000e+00 1.310447600000000032e-02 2.121749599999999888e-02
1.103678900000000027e+02 1.103678900000000027e+02 0.000000000000000000e+00 0.000000000000000000e+00 0.000000000000000000e+00 4.464911200000000295e-03 1.023062700000000082e-02
1.117056900000000041e+02 1.117056900000000041e+02 0.000000000000000000e+00 0.000000000000000000e+00 0.000000000000000000e+00 1.021326300000000020e-02 7.577829300000000004e-03
1.130434800000000024e+02 1.130434800000000024e+02 0.000000000000000000e+00 0.000000000000000000e+00 0.000000000000000000e+00 1.677717399999999887e-02 1.834609499999999976e-02
1.143812700000000007e+02 1.143812700000000007e+02 0.000000000000000000e+00 0.000000000000000000e+00 0.000000000000000000e+00 9.961599700000000474e-03 1.402001699999999920e-02
1.157190599999999989e+02 1.157190599999999989e+02 0.000000000000000000e+00 0.000000000000000000e+00 0.000000000000000000e+00 3.912590399999999781e-03 5.204494500000000218e-03
1.170568600000000004e+02 1.170568600000000004e+02 0.000000000000000000e+00 0.000000000000000000e+00 0.000000000000000000e+00 1.047655999999999935e-02 1.314825499999999932e-02
1.183946499999999986e+02 1.183946499999999986e+02 0.000000000000000000e+00 0.000000000000000000e+00 0.000000000000000000e+00 1.471889200000000078e-02 1.632357099999999853e-02
1.197324399999999969e+02 1.197324399999999969e+02 0.000000000000000000e+00 0.000000000000000000e+00 0.000000000000000000e+00 7.524234700000000109e-03 6.320706199999999789e-03
1.210702299999999951e+02 1.210702299999999951e+02 0.000000000000000000e+00 0.000000000000000000e+00 0.000000000000000000e+00 3.776668899999999825e-03 7.813024899999999884e-03
1.224080299999999966e+02 1.224080299999999966e+02 0.000000000000000000e+00 0.000000000000000000e+00 0.000000000000000000e+00 1.050462199999999992e-02 1.573682699999999837e-02
1.237458199999999948e+02 1.237458199999999948e+02 0.000000000000000000e+00 0.000000000000000000e+00 0.000000000000000000e+00 1.273249599999999940e-02 9.440711799999999473e-03
1.250836099999999931e+02 1.250836099999999931e+02 0.000000000000000000e+00 0.000000000000000000e+00 0.000000000000000000e+00 5.677785000000000297e-03 4.503681399999999967e-03
1.264214000000000055e+02 1.264214000000000055e+02 0.000000000000000000e+00 0.000000000000000000e+00 0.000000000000000000e+00 3.881687400000000121e-03 1.243576899999999930e-02
1.277592000000000070e+02 1.277592000000000070e+02 0.000000000000000000e+00 0.000000000000000000e+00 0.000000000000000000e+00 1.032530599999999937e-02 1.231848500000000055e-02
1.290969900000000052e+02 1.290969900000000052e+02 0.000000000000000000e+00 0.000000000000000000e+00 0.000000000000000000e+00 1.087691200000000073e-02 4.231909399999999981e-03
1.304347799999999893e+02 1.304347799999999893e+02 0.000000000000000000e+00 0.000000000000000000e+00 0.000000000000000000e+00 4.315824700000000028e-03 7.970127199999999662e-03
1.317725800000000049e+02 1.317725800000000049e+02 0.000000000000000000e+00 0.000000000000000000e+00 0.000000000000000000e+00 4.109973799999999677e-03 1.314319100000000025e-02
1.331103699999999890e+02 1.331103699999999890e+02 0.000000000000000000e+00 0.000000000000000000e+00 0.000000000000000000e+00 9.975231799999999607e-03 6.385334999999999796e-03
1.344481600000000014e+02 1.344481600000000014e+02 0.000000000000000000e+00 0.000000000000000000e+00 0.000000000000000000e+00 9.185472400000000218e-03 4.401128699999999616e-03
1.357859500000000139e+02 1.357859500000000139e+02 0.000000000000000000e+00 0.000000000000000000e+00 0.000000000000000000e+00 3.344581000000000116e-03 1.138120100000000051e-02
1.371237500000000011e+02 1.371237500000000011e+02 0.000000000000000000e+00 0.000000000000000000e+00 0.000000000000000000e+00 4.383798000000000382e-03 9.195280099999999721e-03
1.384615400000000136e+02 1.384615400000000136e+02 0.000000000000000000e+00 0.000000000000000000e+00 0.000000000000000000e+00 9.491828000000000765e-03 3.180176800000000109e-03
1.397993299999999977e+02 1.397993299999999977e+02 0.000000000000000000e+00 0.000000000000000000e+00 0.000000000000000000e+00 7.674303700000000179e-03 7.918909099999999618e-03
1.411371200000000101e+02 1.411371200000000101e+02 0.000000000000000000e+00 0.000000000000000000e+00 0.000000000000000000e+00 2.683593100000000210e-03 1.079056299999999954e-02
1.424749199999999973e+02 1.424749199999999973e+02 0.000000000000000000e+00 0.000000000000000000e+00 0.000000000000000000e+00 4.652870100000000390e-03 4.391959699999999772e-03
1.438127100000000098e+02 1.438127100000000098e+02 0.000000000000000000e+00 0.000000000000000000e+00 0.000000000000000000e+00 8.910125700000000315e-03 4.494704500000000144e-03
1.451504999999999939e+02 1.451504999999999939e+02 0.000000000000000000e+00 0.000000000000000000e+00 0.000000000000000000e+00 6.347884100000000286e-03 1.017989700000000025e-02
1.464882900000000063e+02 1.464882900000000063e+02 0.000000000000000000e+00 0.000000000000000000e+00 0.000000000000000000e+00 2.265072999999999826e-03 6.821752599999999708e-03
1.478260899999999936e+02 1.478260899999999936e+02 0.000000000000000000e+00 0.000000000000000000e+00 0.000000000000000000e+00 4.885789300000000293e-03 2.704589700000000103e-03
1.491638800000000060e+02 1.491638800000000060e+02 0.000000000000000000e+00 0.000000000000000000e+00 0.000000000000000000e+00 8.261177300000000293e-03 7.674917600000000055e-03
1.505016699999999901e+02 1.505016699999999901e+02 0.000000000000000000e+00 0.000000000000000000e+00 0.000000000000000000e+00 5.203045100000000360e-03 8.754067500000000529e-03
1.518394600000000025e+02 1.518394600000000025e+02 0.000000000000000000e+00 0.000000000000000000e+00 0.000000000000000000e+00 2.032484099999999801e-03 3.120386100000000201e-03
1.531772599999999898e+02 1.531772599999999898e+02 0.000000000000000000e+00 0.000000000000000000e+00 0.000000000000000000e+00 5.064127800000000137e-03 4.610887999999999619e-03
1.545150500000000022e+02 1.545150500000000022e+02 0.000000000000000000e+00 0.000000000000000000e+00 0.000000000000000000e+00 7.571795200000000156e-03 8.955811200000000222e-03
1.558528399999999863e+02 1.558528399999999863e+02 0.000000000000000000e+00 0.000000000000000000e+00 0.000000000000000000e+00 4.231653400000000287e-03 5.047350299999999595e-03
1.571906400000000019e+02 1.571906400000000019e+02 0.000000000000000000e+00 0.000000000000000000e+00 0.000000000000000000e+00 1.939037100000000043e-03 2.539223900000000048e-03
1.585284299999999860e+02 1.585284299999999860e+02 0.000000000000000000e+00 0.000000000000000000e+00 0.000000000000000000e+00 5.178608099999999943e-03 7.288255000000000428e-03
1.598662199999999984e+02 1.598662199999999984e+02 0.000000000000000000e+00 0.000000000000000000e+00 0.000000000000000000e+00 6.864630699999999842e-03 7.038016700000000042e-03
1.612040100000000109e+02 1.612040100000000109e+02 0.000000000000000000e+00 0.000000000000000000e+00 0.000000000000000000e+00 3.422349500000000048e-03 2.333645400000000213e-03
1.625418099999999981e+02 1.625418099999999981e+02 0.000000000000000000e+00 0.000000000000000000e+00 0.000000000000000000e+00 1.946291499999999904e-03 4.681212399999999836e-03
1.638796000000000106e+02 1.638796000000000106e+02 0.000000000000000000e+00 0.000000000000000000e+00 0.000000000000000000e+00 5.225998600000000133e-03 7.780052800000000247e-03
1.652173899999999946e+02 1.652173899999999946e+02 0.000000000000000000e+00 0.000000000000000000e+00 0.000000000000000000e+00 6.158537000000000386e-03 3.738331299999999788e-03
1.665551800000000071e+02 1.665551800000000071e+02 0.000000000000000000e+00 0.000000000000000000e+00 0.000000000000000000e+00 2.761933500000000007e-03 2.531533900000000181e-03
1.678929799999999943e+02 1.678929799999999943e+02 0.000000000000000000e+00 0.000000000000000000e+00 0.000000000000000000e+00 2.022819099999999953e-03 6.808577799999999958e-03
1.692307700000000068e+02 1.692307700000000068e+02 0.000000000000000000e+00 0.000000000000000000e+00 0.000000000000000000e+00 5.207406999999999835e-03 5.616683199999999987e-03
1.705685599999999909e+02 1.705685599999999909e+02 0.000000000000000000e+00 0.000000000000000000e+00 0.000000000000000000e+00 5.468935000000000289e-03 1.869931399999999943e-03
1.719063500000000033e+02 1.719063500000000033e+02 0.000000000000000000e+00 0.000000000000000000e+00 0.000000000000000000e+00 2.236143800000000171e-03 4.684478700000000405e-03
1.732441499999999905e+02 1.732441499999999905e+02 0.000000000000000000e+00 0.000000000000000000e+00 0.000000000000000000e+00 2.143226900000000119e-03 6.689821299999999978e-03
1.745819400000000030e+02 1.745819400000000030e+02 0.000000000000000000e+00 0.000000000000000000e+00 0.000000000000000000e+00 5.126711400000000078e-03 2.785943400000000063e-03
1.759197299999999871e+02 1.759197299999999871e+02 0.000000000000000000e+00 0.000000000000000000e+00 0.000000000000000000e+00 4.808101799999999794e-03 2.594346400000000115e-03
1.772575300000000027e+02 1.772575300000000027e+02 0.000000000000000000e+00 0.000000000000000000e+00 0.000000000000000000e+00 1.830335999999999899e-03 6.276004800000000231e-03
1.785953199999999867e+02 1.785953199999999867e+02 0.000000000000000000e+00 0.000000000000000000e+00 0.000000000000000000e+00 2.287001800000000151e-03 4.454248899999999935e-03
1.799331099999999992e+02 1.799331099999999992e+02 0.000000000000000000e+00 0.000000000000000000e+00 0.000000000000000000e+00 4.989801599999999643e-03 1.619259600000000051e-03
1.812709000000000117e+02 1.812709000000000117e+02 0.000000000000000000e+00 0.000000000000000000e+00 0.000000000000000000e+00 4.185660400000000038e-03 4.620386599999999969e-03
1.826086999999999989e+02 1.826086999999999989e+02 0.000000000000000000e+00 0.000000000000000000e+00 0.000000000000000000e+00 1.529952200000000073e-03 5.701897899999999915e-03
1.839464900000000114e+02 1.839464900000000114e+02 0.000000000000000000e+00 0.000000000000000000e+00 0.000000000000000000e+00 2.438059099999999833e-03 2.104748200000000104e-03
1.852842799999999954e+02 1.852842799999999954e+02 0.000000000000000000e+00 0.000000000000000000e+00 0.000000000000000000e+00 4.803673500000000228e-03 2.678415400000000099e-03
1.866220700000000079e+02 1.866220700000000079e+02 0.000000000000000000e+00 0.000000000000000000e+00 0.000000000000000000e+00 3.608884499999999874e-03 5.720313599999999644e-03
1.879598699999999951e+02 1.879598699999999951e+02 0.000000000000000000e+00 0.000000000000000000e+00 0.000000000000000000e+00 1.320694700000000100e-03 3.513546599999999975e-03
1.892976600000000076e+02 1.892976600000000076e+02 0.000000000000000000e+00 0.000000000000000000e+00 0.000000000000000000e+00 2.583685699999999866e-03 1.506847200000000029e-03
1.906354499999999916e+02 1.906354499999999916e+02 0.000000000000000000e+00 0.000000000000000000e+00 0.000000000000000000e+00 4.575995599999999573e-03 4.496819600000000194e-03
1.919732400000000041e+02 1.919732400000000041e+02 0.000000000000000000e+00 0.000000000000000000e+00 0.000000000000000000e+00 3.082924500000000078e-03 4.821105099999999609e-03
1.933110399999999913e+02 1.933110399999999913e+02 0.000000000000000000e+00 0.000000000000000000e+00 0.000000000000000000e+00 1.188885700000000007e-03 1.628950799999999942e-03
1.946488300000000038e+02 1.946488300000000038e+02 0.000000000000000000e+00 0.000000000000000000e+00 0.000000000000000000e+00 2.714343299999999806e-03 2.756363099999999990e-03
1.959866199999999878e+02 1.959866199999999878e+02 0.000000000000000000e+00 0.000000000000000000e+00 0.000000000000000000e+00 4.314749900000000409e-03 5.162878400000000222e-03
1.973244100000000003e+02 1.973244100000000003e+02 0.000000000000000000e+00 0.000000000000000000e+00 0.000000000000000000e+00 2.611094100000000036e-03 2.760275700000000207e-03
1.986622099999999875e+02 1.986622099999999875e+02 0.000000000000000000e+00 0.000000000000000000e+00 0.000000000000000000e+00 1.121546900000000048e-03 1.481617400000000096e-03
2.000000000000000000e+02 2.000000000000000000e+02 0.000000000000000000e+00 0.000000000000000000e+00 0.000000000000000000e+00 2.823067700000000090e-03 4.324461499999999667e-03
