-2.000000000000000000e+02 -2.000000000000000000e+02 0.000000000000000000e+00 0.000000000000000000e+00 0.000000000000000000e+00 2.026955799999999829e-03 3.430913399999999981e-03
-1.986622099999999875e+02 -1.986622099999999875e+02 0.000000000000000000e+00 0.000000000000000000e+00 0.000000000000000000e+00 2.354931700000000017e-03 2.385579000000000085e-03
-1.973244100000000003e+02 -1.973244100000000003e+02 0.000000000000000000e+00 0.000000000000000000e+00 0.000000000000000000e+00 2.940139100000000068e-03 2.171698699999999923e-03
-1.959866199999999878e+02 -1.959866199999999878e+02 0.000000000000000000e+00 0.000000000000000000e+00 0.000000000000000000e+00 3.646181400000000211e-03 2.921956800000000132e-03
-1.946488300000000038e+02 -1.946488300000000038e+02 0.000000000000000000e+00 0.000000000000000000e+00 0.000000000000000000e+00 4.300408599999999693e-03 4.362543099999999577e-03
-1.933110399999999913e+02 -1.933110399999999913e+02 0.000000000000000000e+00 0.000000000000000000e+00 0.000000000000000000e+00 4.739553900000000389e-03 5.931676700000000114e-03
-1.919732400000000041e+02 -1.919732400000000041e+02 0.000000000000000000e+00 0.000000000000000000e+00 0.000000000000000000e+00 4.854006600000000324e-03 7.001731100000000221e-03
-1.906354499999999916e+02 -1.906354499999999916e+02 0.000000000000000000e+00 0.000000000000000000e+00 0.000000000000000000e+00 4.618392800000000083e-03 7.122908699999999649e-03
-1.892976600000000076e+02 -1.892976600000000076e+02 0.000000000000000000e+00 0.000000000000000000e+00 0.000000000000000000e+00 4.100010500000000023e-03 6.230586500000000368e-03
-1.879598699999999951e+02 -1.879598699999999951e+02 0.000000000000000000e+00 0.000000000000000000e+00 0.000000000000000000e+00 3.442586200000000152e-03 4.702271699999999860e-03
-1.866220700000000079e+02 -1.866220700000000079e+02 0.000000000000000000e+00 0.000000000000000000e+00 0.000000000000000000e+00 2.829760399999999877e-03 3.201841300000000078e-03
-1.852842799999999954e+02 -1.852842799999999954e+02 0.000000000000000000e+00 0.000000000000000000e+00 0.000000000000000000e+00 2.438052300000000117e-03 2.394943499999999809e-03
-1.839464900000000114e+02 -1.839464900000000114e+02 0.000000000000000000e+00 0.000000000000000000e+00 0.000000000000000000e+00 2.391139000000000025e-03 2.691305399999999876e-03
-1.826086999999999989e+02 -1.826086999999999989e+02 0.000000000000000000e+00 0.000000000000000000e+00 0.000000000000000000e+00 2.727079800000000148e-03 4.097544600000000044e-03
-1.812709000000000117e+02 -1.812709000000000117e+02 0.000000000000000000e+00 0.000000000000000000e+00 0.000000000000000000e+00 3.385209000000000135e-03 6.087695700000000411e-03
-1.799331099999999992e+02 -1.799331099999999992e+02 0.000000000000000000e+00 0.000000000000000000e+00 0.000000000000000000e+00 4.215624500000000018e-03 7.782464900000000095e-03
-1.785953199999999867e+02 -1.785953199999999867e+02 0.000000000000000000e+00 0.000000000000000000e+00 0.000000000000000000e+00 5.013511699999999814e-03 8.455766599999999314e-03
-1.772575300000000027e+02 -1.772575300000000027e+02 0.000000000000000000e+00 0.000000000000000000e+00 0.000000000000000000e+00 5.575379299999999767e-03 7.793848499999999659e-03
-1.759197299999999871e+02 -1.759197299999999871e+02 0.000000000000000000e+00 0.000000000000000000e+00 0.000000000000000000e+00 5.758484000000000345e-03 6.066146700000000364e-03
-1.745819400000000030e+02 -1.745819400000000030e+02 0.000000000000000000e+00 0.000000000000000000e+00 0.000000000000000000e+00 5.520142300000000120e-03 4.547671700000000330e-03
-1.732441499999999905e+02 -1.732441499999999905e+02 0.000000000000000000e+00 0.000000000000000000e+00 0.000000000000000000e+00 4.926314600000000418e-03 3.521298999999999870e-03
-1.719063500000000033e+02 -1.719063500000000033e+02 0.000000000000000000e+00 0.000000000000000000e+00 0.000000000000000000e+00 4.133245899999999674e-03 3.428489299999999945e-03
-1.705685599999999909e+02 -1.705685599999999909e+02 0.000000000000000000e+00 0.000000000000000000e+00 0.000000000000000000e+00 3.359197200000000032e-03 4.551668899999999907e-03
-1.692307700000000068e+02 -1.692307700000000068e+02 0.000000000000000000e+00 0.000000000000000000e+00 0.000000000000000000e+00 2.872202199999999983e-03 6.538452400000000289e-03
-1.678929799999999943e+02 -1.678929799999999943e+02 0.000000000000000000e+00 0.000000000000000000e+00 0.000000000000000000e+00 2.923710899999999811e-03 8.622507200000000677e-03
-1.665551800000000071e+02 -1.665551800000000071e+02 0.000000000000000000e+00 0.000000000000000000e+00 0.000000000000000000e+00 3.512586399999999970e-03 9.960743500000000805e-03
-1.652173899999999946e+02 -1.652173899999999946e+02 0.000000000000000000e+00 0.000000000000000000e+00 0.000000000000000000e+00 4.425231499999999693e-03 9.993802099999999147e-03
-1.638796000000000106e+02 -1.638796000000000106e+02 0.000000000000000000e+00 0.000000000000000000e+00 0.000000000000000000e+00 5.453919599999999986e-03 8.701787000000000757e-03
-1.625418099999999981e+02 -1.625418099999999981e+02 0.000000000000000000e+00 0.000000000000000000e+00 0.000000000000000000e+00 6.393353800000000330e-03 6.637275500000000376e-03
-1.612040100000000109e+02 -1.612040100000000109e+02 0.000000000000000000e+00 0.000000000000000000e+00 0.000000000000000000e+00 7.045970000000000358e-03 4.705661400000000008e-03
-1.598662199999999984e+02 -1.598662199999999984e+02 0.000000000000000000e+00 0.000000000000000000e+00 0.000000000000000000e+00 7.274159100000000128e-03 3.784300799999999829e-03
-1.585284299999999860e+02 -1.585284299999999860e+02 0.000000000000000000e+00 0.000000000000000000e+00 0.000000000000000000e+00 7.043583100000000430e-03 4.348875599999999647e-03
-1.571906400000000019e+02 -1.571906400000000019e+02 0.000000000000000000e+00 0.000000000000000000e+00 0.000000000000000000e+00 6.436064000000000021e-03 6.265840800000000224e-03
-1.558528399999999863e+02 -1.558528399999999863e+02 0.000000000000000000e+00 0.000000000000000000e+00 0.000000000000000000e+00 5.630606199999999874e-03 8.824834400000000287e-03
-1.545150500000000022e+02 -1.545150500000000022e+02 0.000000000000000000e+00 0.000000000000000000e+00 0.000000000000000000e+00 4.860446299999999706e-03 1.099788900000000028e-02
-1.531772599999999898e+02 -1.531772599999999898e+02 0.000000000000000000e+00 0.000000000000000000e+00 0.000000000000000000e+00 4.355900700000000028e-03 1.186429699999999934e-02
-1.518394600000000025e+02 -1.518394600000000025e+02 0.000000000000000000e+00 0.000000000000000000e+00 0.000000000000000000e+00 4.283955899999999754e-03 1.103884599999999973e-02
-1.505016699999999901e+02 -1.505016699999999901e+02 0.000000000000000000e+00 0.000000000000000000e+00 0.000000000000000000e+00 4.699601799999999704e-03 8.867057399999999506e-03
-1.491638800000000060e+02 -1.491638800000000060e+02 0.000000000000000000e+00 0.000000000000000000e+00 0.000000000000000000e+00 5.525034600000000053e-03 6.283555700000000369e-03
-1.478260899999999936e+02 -1.478260899999999936e+02 0.000000000000000000e+00 0.000000000000000000e+00 0.000000000000000000e+00 6.567907599999999770e-03 4.428445700000000276e-03
-1.464882900000000063e+02 -1.464882900000000063e+02 0.000000000000000000e+00 0.000000000000000000e+00 0.000000000000000000e+00 7.576811000000000136e-03 4.204026199999999665e-03
-1.451504999999999939e+02 -1.451504999999999939e+02 0.000000000000000000e+00 0.000000000000000000e+00 0.000000000000000000e+00 8.316563699999999712e-03 5.913081700000000392e-03
-1.438127100000000098e+02 -1.438127100000000098e+02 0.000000000000000000e+00 0.000000000000000000e+00 0.000000000000000000e+00 8.633395199999999506e-03 9.025496799999999445e-03
-1.424749199999999973e+02 -1.424749199999999973e+02 0.000000000000000000e+00 0.000000000000000000e+00 0.000000000000000000e+00 8.482626400000000191e-03 1.226115799999999943e-02
-1.411371200000000101e+02 -1.411371200000000101e+02 0.000000000000000000e+00 0.000000000000000000e+00 0.000000000000000000e+00 7.923034699999999611e-03 1.419971199999999975e-02
-1.397993299999999977e+02 -1.397993299999999977e+02 0.000000000000000000e+00 0.000000000000000000e+00 0.000000000000000000e+00 7.106547099999999985e-03 1.399960599999999951e-02
-1.384615400000000136e+02 -1.384615400000000136e+02 0.000000000000000000e+00 0.000000000000000000e+00 0.000000000000000000e+00 6.261649900000000081e-03 1.172391599999999916e-02
-1.371237500000000011e+02 -1.371237500000000011e+02 0.000000000000000000e+00 0.000000000000000000e+00 0.000000000000000000e+00 5.642099000000000246e-03 8.289824700000000129e-03
-1.357859500000000139e+02 -1.357859500000000139e+02 0.000000000000000000e+00 0.000000000000000000e+00 0.000000000000000000e+00 5.444169199999999639e-03 5.281841500000000397e-03
-1.344481600000000014e+02 -1.344481600000000014e+02 0.000000000000000000e+00 0.000000000000000000e+00 0.000000000000000000e+00 5.733976200000000072e-03 4.523459399999999776e-03
-1.331103699999999890e+02 -1.331103699999999890e+02 0.000000000000000000e+00 0.000000000000000000e+00 0.000000000000000000e+00 6.448799600000000055e-03 6.646147800000000092e-03
-1.317725800000000049e+02 -1.317725800000000049e+02 0.000000000000000000e+00 0.000000000000000000e+00 0.000000000000000000e+00 7.555124400000000004e-03 1.051087000000000028e-02
-1.304347799999999893e+02 -1.304347799999999893e+02 0.000000000000000000e+00 0.000000000000000000e+00 0.000000000000000000e+00 9.169449300000000191e-03 1.442833599999999994e-02
-1.290969900000000052e+02 -1.290969900000000052e+02 0.000000000000000000e+00 0.000000000000000000e+00 0.000000000000000000e+00 1.096155600000000077e-02 1.661667699999999984e-02
-1.277592000000000070e+02 -1.277592000000000070e+02 0.000000000000000000e+00 0.000000000000000000e+00 0.000000000000000000e+00 1.212516100000000062e-02 1.606479300000000082e-02
-1.264214000000000055e+02 -1.264214000000000055e+02 0.000000000000000000e+00 0.000000000000000000e+00 0.000000000000000000e+00 1.233837599999999986e-02 1.594837199999999885e-02
-1.250836099999999931e+02 -1.250836099999999931e+02 0.000000000000000000e+00 0.000000000000000000e+00 0.000000000000000000e+00 1.174601500000000028e-02 1.420760499999999989e-02
-1.237458199999999948e+02 -1.237458199999999948e+02 0.000000000000000000e+00 0.000000000000000000e+00 0.000000000000000000e+00 1.068149699999999987e-02 1.121631499999999927e-02
-1.224080299999999966e+02 -1.224080299999999966e+02 0.000000000000000000e+00 0.000000000000000000e+00 0.000000000000000000e+00 9.559228600000000547e-03 9.362912699999999949e-03
-1.210702299999999951e+02 -1.210702299999999951e+02 0.000000000000000000e+00 0.000000000000000000e+00 0.000000000000000000e+00 8.791501000000000177e-03 9.971697399999999989e-03
-1.197324399999999969e+02 -1.197324399999999969e+02 0.000000000000000000e+00 0.000000000000000000e+00 0.000000000000000000e+00 8.688274500000000775e-03 1.313978499999999931e-02
-1.183946499999999986e+02 -1.183946499999999986e+02 0.000000000000000000e+00 0.000000000000000000e+00 0.000000000000000000e+00 9.369031700000000559e-03 1.773495699999999911e-02
-1.170568600000000004e+02 -1.170568600000000004e+02 0.000000000000000000e+00 0.000000000000000000e+00 0.000000000000000000e+00 1.072721700000000070e-02 2.187697099999999853e-02
-1.157190599999999989e+02 -1.157190599999999989e+02 0.000000000000000000e+00 0.000000000000000000e+00 0.000000000000000000e+00 1.246301699999999985e-02 2.381020699999999990e-02
-1.143812700000000007e+02 -1.143812700000000007e+02 0.000000000000000000e+00 0.000000000000000000e+00 0.000000000000000000e+00 1.416740900000000060e-02 2.270690100000000156e-02
-1.130434800000000024e+02 -1.130434800000000024e+02 0.000000000000000000e+00 0.000000000000000000e+00 0.000000000000000000e+00 1.542791200000000022e-02 1.901601099999999933e-02
-1.117056900000000041e+02 -1.117056900000000041e+02 0.000000000000000000e+00 0.000000000000000000e+00 0.000000000000000000e+00 1.593210899999999985e-02 1.430055700000000020e-02
-1.103678900000000027e+02 -1.103678900000000027e+02 0.000000000000000000e+00 0.000000000000000000e+00 0.000000000000000000e+00 1.555429799999999939e-02 1.068442000000000003e-02
-1.090301000000000045e+02 -1.090301000000000045e+02 0.000000000000000000e+00 0.000000000000000000e+00 0.000000000000000000e+00 1.441218600000000044e-02 1.004301800000000078e-02
-1.076923100000000062e+02 -1.076923100000000062e+02 0.000000000000000000e+00 0.000000000000000000e+00 0.000000000000000000e+00 1.287503299999999927e-02 1.310160299999999986e-02
-1.063545199999999937e+02 -1.063545199999999937e+02 0.000000000000000000e+00 0.000000000000000000e+00 0.000000000000000000e+00 1.148878600000000083e-02 1.884628099999999945e-02
-1.050167200000000065e+02 -1.050167200000000065e+02 0.000000000000000000e+00 0.000000000000000000e+00 0.000000000000000000e+00 1.079144299999999952e-02 2.485225599999999965e-02
-1.036789299999999940e+02 -1.036789299999999940e+02 0.000000000000000000e+00 0.000000000000000000e+00 0.000000000000000000e+00 1.108640500000000056e-02 2.851059200000000127e-02
-1.023411399999999958e+02 -1.023411399999999958e+02 0.000000000000000000e+00 0.000000000000000000e+00 0.000000000000000000e+00 1.234033300000000020e-02 2.825392200000000076e-02
-1.010033399999999943e+02 -1.010033399999999943e+02 0.000000000000000000e+00 0.000000000000000000e+00 0.000000000000000000e+00 1.425563099999999951e-02 2.413022399999999873e-02
-9.966555200000000525e+01 -9.966555200000000525e+01 0.000000000000000000e+00 0.000000000000000000e+00 0.000000000000000000e+00 1.638468100000000163e-02 1.779287800000000155e-02
-9.832775900000000036e+01 -9.832775900000000036e+01 0.000000000000000000e+00 0.000000000000000000e+00 0.000000000000000000e+00 1.819902300000000167e-02 1.212153799999999941e-02
-9.698996699999999294e+01 -9.698996699999999294e+01 0.000000000000000000e+00 0.000000000000000000e+00 0.000000000000000000e+00 1.915683300000000158e-02 1.030525900000000064e-02
-9.565217400000000225e+01 -9.565217400000000225e+01 0.000000000000000000e+00 0.000000000000000000e+00 0.000000000000000000e+00 1.889266399999999999e-02 1.401484799999999989e-02
-9.431438099999999736e+01 -9.431438099999999736e+01 0.000000000000000000e+00 0.000000000000000000e+00 0.000000000000000000e+00 1.777673700000000079e-02 2.184323800000000093e-02
-9.297658900000000415e+01 -9.297658900000000415e+01 0.000000000000000000e+00 0.000000000000000000e+00 0.000000000000000000e+00 1.748445300000000049e-02 3.017976500000000076e-02
-9.163879599999999925e+01 -9.163879599999999925e+01 0.000000000000000000e+00 0.000000000000000000e+00 0.000000000000000000e+00 1.888184700000000021e-02 3.540139300000000322e-02
-9.030100299999999436e+01 -9.030100299999999436e+01 0.000000000000000000e+00 0.000000000000000000e+00 0.000000000000000000e+00 2.034385299999999855e-02 3.522477899999999773e-02
-8.896321100000000115e+01 -8.896321100000000115e+01 0.000000000000000000e+00 0.000000000000000000e+00 0.000000000000000000e+00 2.111923699999999904e-02 2.939275100000000168e-02
-8.762541799999999625e+01 -8.762541799999999625e+01 0.000000000000000000e+00 0.000000000000000000e+00 0.000000000000000000e+00 2.176546099999999984e-02 2.073320799999999950e-02
-8.628762500000000557e+01 -8.628762500000000557e+01 0.000000000000000000e+00 0.000000000000000000e+00 0.000000000000000000e+00 2.287750200000000095e-02 1.538345999999999984e-02
-8.494983299999999815e+01 -8.494983299999999815e+01 0.000000000000000000e+00 0.000000000000000000e+00 0.000000000000000000e+00 2.470517599999999883e-02 1.688030100000000033e-02
-8.361203999999999326e+01 -8.361203999999999326e+01 0.000000000000000000e+00 0.000000000000000000e+00 0.000000000000000000e+00 2.716016599999999948e-02 2.298745799999999881e-02
-8.227424700000000257e+01 -8.227424700000000257e+01 0.000000000000000000e+00 0.000000000000000000e+00 0.000000000000000000e+00 2.988488799999999834e-02 3.068347399999999878e-02
-8.093645499999999515e+01 -8.093645499999999515e+01 0.000000000000000000e+00 0.000000000000000000e+00 0.000000000000000000e+00 3.235177499999999928e-02 3.599996300000000288e-02
-7.959866200000000447e+01 -7.959866200000000447e+01 0.000000000000000000e+00 0.000000000000000000e+00 0.000000000000000000e+00 3.401868400000000042e-02 3.610884999999999789e-02
-7.826086999999999705e+01 -7.826086999999999705e+01 0.000000000000000000e+00 0.000000000000000000e+00 0.000000000000000000e+00 3.451690300000000156e-02 4.727998800000000196e-02
-7.692307700000000636e+01 -7.692307700000000636e+01 0.000000000000000000e+00 0.000000000000000000e+00 0.000000000000000000e+00 3.378725700000000109e-02 5.346321600000000090e-02
-7.558528400000000147e+01 -7.558528400000000147e+01 0.000000000000000000e+00 0.000000000000000000e+00 0.000000000000000000e+00 3.209781800000000018e-02 4.935856000000000271e-02
-7.424749199999999405e+01 -7.424749199999999405e+01 0.000000000000000000e+00 0.000000000000000000e+00 0.000000000000000000e+00 2.995409500000000003e-02 4.238166499999999892e-02
-7.290969900000000337e+01 -7.290969900000000337e+01 0.000000000000000000e+00 0.000000000000000000e+00 0.000000000000000000e+00 2.797011599999999973e-02 3.779496599999999928e-02
-7.157190599999999847e+01 -7.157190599999999847e+01 0.000000000000000000e+00 0.000000000000000000e+00 0.000000000000000000e+00 2.676973200000000094e-02 3.902187599999999701e-02
-7.023411400000000526e+01 -7.023411400000000526e+01 0.000000000000000000e+00 0.000000000000000000e+00 0.000000000000000000e+00 2.693403800000000042e-02 4.650821499999999858e-02
-6.889632100000000037e+01 -6.889632100000000037e+01 0.000000000000000000e+00 0.000000000000000000e+00 0.000000000000000000e+00 2.891220099999999849e-02 5.739121999999999973e-02
-6.755852799999999547e+01 -6.755852799999999547e+01 0.000000000000000000e+00 0.000000000000000000e+00 0.000000000000000000e+00 3.275732900000000170e-02 6.703183399999999847e-02
-6.622073600000000226e+01 -6.622073600000000226e+01 0.000000000000000000e+00 0.000000000000000000e+00 0.000000000000000000e+00 3.778522699999999762e-02 7.134571200000000557e-02
-6.488294299999999737e+01 -6.488294299999999737e+01 0.000000000000000000e+00 0.000000000000000000e+00 0.000000000000000000e+00 4.263418299999999911e-02 6.846393200000000512e-02
-6.354515099999999705e+01 -6.354515099999999705e+01 0.000000000000000000e+00 0.000000000000000000e+00 0.000000000000000000e+00 4.588620100000000146e-02 5.940384099999999890e-02
-6.220735799999999927e+01 -6.220735799999999927e+01 0.000000000000000000e+00 0.000000000000000000e+00 0.000000000000000000e+00 4.667175500000000227e-02 4.803309399999999840e-02
-6.086956500000000148e+01 -6.086956500000000148e+01 0.000000000000000000e+00 0.000000000000000000e+00 0.000000000000000000e+00 4.478188000000000307e-02 4.010964300000000038e-02
-5.953177300000000116e+01 -5.953177300000000116e+01 0.000000000000000000e+00 0.000000000000000000e+00 0.000000000000000000e+00 4.043724900000000150e-02 4.072214200000000284e-02
-5.819398000000000337e+01 -5.819398000000000337e+01 0.000000000000000000e+00 0.000000000000000000e+00 0.000000000000000000e+00 3.426492500000000163e-02 5.083872100000000338e-02
-5.685618699999999848e+01 -5.685618699999999848e+01 0.000000000000000000e+00 0.000000000000000000e+00 0.000000000000000000e+00 2.853598300000000088e-02 6.614539699999999467e-02
-5.551839499999999816e+01 -5.551839499999999816e+01 0.000000000000000000e+00 0.000000000000000000e+00 0.000000000000000000e+00 2.949392400000000122e-02 7.973413099999999976e-02
-5.418060200000000037e+01 -5.418060200000000037e+01 0.000000000000000000e+00 0.000000000000000000e+00 0.000000000000000000e+00 4.142102699999999915e-02 8.575400699999999321e-02
-5.284280900000000258e+01 -5.284280900000000258e+01 0.000000000000000000e+00 0.000000000000000000e+00 0.000000000000000000e+00 5.703210999999999697e-02 8.144804699999999564e-02
-5.150501700000000227e+01 -5.150501700000000227e+01 0.000000000000000000e+00 0.000000000000000000e+00 0.000000000000000000e+00 6.941536199999999435e-02 6.807270599999999672e-02
-5.016722399999999737e+01 -5.016722399999999737e+01 0.000000000000000000e+00 0.000000000000000000e+00 0.000000000000000000e+00 7.763075699999999468e-02 5.169148600000000177e-02
-4.882943099999999959e+01 -4.882943099999999959e+01 0.000000000000000000e+00 0.000000000000000000e+00 0.000000000000000000e+00 8.228871000000000102e-02 4.229819800000000213e-02
-4.749163899999999927e+01 -4.749163899999999927e+01 0.000000000000000000e+00 0.000000000000000000e+00 0.000000000000000000e+00 8.404168900000000275e-02 4.766210900000000111e-02
-4.615384600000000148e+01 -4.615384600000000148e+01 0.000000000000000000e+00 0.000000000000000000e+00 0.000000000000000000e+00 8.371636899999999881e-02 6.591560100000000422e-02
-4.481605400000000117e+01 -4.481605400000000117e+01 0.000000000000000000e+00 0.000000000000000000e+00 0.000000000000000000e+00 8.235851199999999483e-02 8.758822500000000566e-02
-4.347826100000000338e+01 -4.347826100000000338e+01 0.000000000000000000e+00 0.000000000000000000e+00 0.000000000000000000e+00 8.099944800000000167e-02 1.028476200000000007e-01
-4.214046799999999848e+01 -4.214046799999999848e+01 0.000000000000000000e+00 0.000000000000000000e+00 0.000000000000000000e+00 8.041633700000000440e-02 1.047675799999999990e-01
-4.080267599999999817e+01 -4.080267599999999817e+01 0.000000000000000000e+00 0.000000000000000000e+00 0.000000000000000000e+00 8.107658700000000551e-02 9.092168100000000419e-02
-3.946488300000000038e+01 -3.946488300000000038e+01 0.000000000000000000e+00 0.000000000000000000e+00 0.000000000000000000e+00 8.316236500000000198e-02 6.923810199999999582e-02
-3.812709000000000259e+01 -3.812709000000000259e+01 0.000000000000000000e+00 0.000000000000000000e+00 0.000000000000000000e+00 8.650206300000000403e-02 6.160333600000000159e-02
-3.678929800000000228e+01 -3.678929800000000228e+01 0.000000000000000000e+00 0.000000000000000000e+00 0.000000000000000000e+00 9.045085199999999825e-02 7.661953700000000145e-02
-3.545150499999999738e+01 -3.545150499999999738e+01 0.000000000000000000e+00 0.000000000000000000e+00 0.000000000000000000e+00 9.395950499999999872e-02 9.773287199999999841e-02
-3.411371199999999959e+01 -3.411371199999999959e+01 0.000000000000000000e+00 0.000000000000000000e+00 0.000000000000000000e+00 9.602163900000000585e-02 1.127455599999999947e-01
-3.277591999999999928e+01 -3.277591999999999928e+01 0.000000000000000000e+00 0.000000000000000000e+00 0.000000000000000000e+00 9.640991999999999618e-02 1.110567900000000024e-01
-3.143812700000000149e+01 -3.143812700000000149e+01 0.000000000000000000e+00 0.000000000000000000e+00 0.000000000000000000e+00 9.618807000000000051e-02 8.963582300000000336e-02
-3.010033400000000015e+01 -3.010033400000000015e+01 0.000000000000000000e+00 0.000000000000000000e+00 0.000000000000000000e+00 9.718807799999999719e-02 1.467740399999999945e-01
-2.876254199999999983e+01 -2.876254199999999983e+01 0.000000000000000000e+00 0.000000000000000000e+00 0.000000000000000000e+00 1.003809100000000037e-01 1.971775699999999965e-01
-2.742474899999999849e+01 -2.742474899999999849e+01 0.000000000000000000e+00 0.000000000000000000e+00 0.000000000000000000e+00 1.048472800000000010e-01 2.039805899999999894e-01
-2.608695700000000173e+01 -2.608695700000000173e+01 0.000000000000000000e+00 0.000000000000000000e+00 0.000000000000000000e+00 1.087676699999999969e-01 1.950675000000000048e-01
-2.474916400000000039e+01 -2.474916400000000039e+01 0.000000000000000000e+00 0.000000000000000000e+00 0.000000000000000000e+00 1.109715500000000021e-01 1.851094600000000034e-01
-2.341137099999999904e+01 -2.341137099999999904e+01 0.000000000000000000e+00 0.000000000000000000e+00 0.000000000000000000e+00 1.110607400000000050e-01 1.839654500000000026e-01
-2.207357899999999873e+01 -2.207357899999999873e+01 0.000000000000000000e+00 0.000000000000000000e+00 0.000000000000000000e+00 1.083531499999999953e-01 1.956651399999999874e-01
-2.073578600000000094e+01 -2.073578600000000094e+01 0.000000000000000000e+00 0.000000000000000000e+00 0.000000000000000000e+00 1.016011700000000045e-01 2.164260600000000034e-01
-1.939799299999999960e+01 -1.939799299999999960e+01 0.000000000000000000e+00 0.000000000000000000e+00 0.000000000000000000e+00 9.315197499999999797e-02 2.372034500000000101e-01
-1.806020099999999928e+01 -1.806020099999999928e+01 0.000000000000000000e+00 0.000000000000000000e+00 0.000000000000000000e+00 9.942744100000000529e-02 2.489640899999999990e-01
-1.672240800000000149e+01 -1.672240800000000149e+01 0.000000000000000000e+00 0.000000000000000000e+00 0.000000000000000000e+00 1.387817799999999935e-01 2.465226199999999979e-01
-1.538461500000000015e+01 -1.538461500000000015e+01 0.000000000000000000e+00 0.000000000000000000e+00 0.000000000000000000e+00 1.892266999999999977e-01 2.302302200000000132e-01
-1.404682299999999984e+01 -1.404682299999999984e+01 0.000000000000000000e+00 0.000000000000000000e+00 0.000000000000000000e+00 2.222048799999999935e-01 2.069054899999999975e-01
-1.270903000000000027e+01 -1.270903000000000027e+01 0.000000000000000000e+00 0.000000000000000000e+00 0.000000000000000000e+00 2.353294200000000114e-01 1.893013199999999951e-01
-1.137123700000000071e+01 -1.137123700000000071e+01 0.000000000000000000e+00 0.000000000000000000e+00 0.000000000000000000e+00 2.358569399999999872e-01 1.905333200000000060e-01
-1.003344500000000039e+01 -1.003344500000000039e+01 0.000000000000000000e+00 0.000000000000000000e+00 0.000000000000000000e+00 2.312959199999999882e-01 2.139068899999999884e-01
-8.695652199999999610e+00 -8.695652199999999610e+00 0.000000000000000000e+00 0.000000000000000000e+00 0.000000000000000000e+00 2.282300300000000004e-01 2.486632799999999865e-01
-7.357859499999999997e+00 -7.357859499999999997e+00 0.000000000000000000e+00 0.000000000000000000e+00 0.000000000000000000e+00 2.316462800000000100e-01 2.777965600000000257e-01
-6.020066899999999777e+00 -6.020066899999999777e+00 0.000000000000000000e+00 0.000000000000000000e+00 0.000000000000000000e+00 2.436164399999999897e-01 2.880151000000000239e-01
-4.682274200000000164e+00 -4.682274200000000164e+00 0.000000000000000000e+00 0.000000000000000000e+00 0.000000000000000000e+00 2.625269399999999864e-01 2.737399200000000254e-01
-3.344481599999999943e+00 -3.344481599999999943e+00 0.000000000000000000e+00 0.000000000000000000e+00 0.000000000000000000e+00 2.838665300000000058e-01 2.388299000000000116e-01
-2.006689000000000167e+00 -2.006689000000000167e+00 0.000000000000000000e+00 0.000000000000000000e+00 0.000000000000000000e+00 3.021108699999999758e-01 2.005196499999999937e-01
-6.688963199999999887e-01 -6.688963199999999887e-01 0.000000000000000000e+00 0.000000000000000000e+00 0.000000000000000000e+00 3.124662200000000167e-01 1.883416699999999888e-01
6.688963199999999887e-01 6.688963199999999887e-01 0.000000000000000000e+00 0.000000000000000000e+00 0.000000000000000000e+00 3.118391699999999989e-01 2.217300600000000066e-01
2.006689000000000167e+00 2.006689000000000167e+00 0.000000000000000000e+00 0.000000000000000000e+00 0.000000000000000000e+00 2.993488499999999997e-01 2.845100999999999880e-01
3.344481599999999943e+00 3.344481599999999943e+00 0.000000000000000000e+00 0.000000000000000000e+00 0.000000000000000000e+00 2.770632000000000095e-01 3.401251699999999767e-01
4.682274200000000164e+00 4.682274200000000164e+00 0.000000000000000000e+00 0.000000000000000000e+00 0.000000000000000000e+00 2.511834600000000250e-01 3.613226900000000019e-01
6.020066899999999777e+00 6.020066899999999777e+00 0.000000000000000000e+00 0.000000000000000000e+00 0.000000000000000000e+00 2.324904499999999874e-01 3.354553900000000199e-01
7.357859499999999997e+00 7.357859499999999997e+00 0.000000000000000000e+00 0.000000000000000000e+00 0.000000000000000000e+00 2.331826800000000033e-01 2.647043499999999772e-01
8.695652199999999610e+00 8.695652199999999610e+00 0.000000000000000000e+00 0.000000000000000000e+00 0.000000000000000000e+00 2.591145699999999885e-01 1.927564099999999891e-01
1.003344500000000039e+01 1.003344500000000039e+01 0.000000000000000000e+00 0.000000000000000000e+00 0.000000000000000000e+00 3.038855799999999885e-01 2.183394200000000063e-01
1.137123700000000071e+01 1.137123700000000071e+01 0.000000000000000000e+00 0.000000000000000000e+00 0.000000000000000000e+00 3.523678100000000035e-01 3.510702700000000176e-01
1.270903000000000027e+01 1.270903000000000027e+01 0.000000000000000000e+00 0.000000000000000000e+00 0.000000000000000000e+00 3.893002899999999933e-01 4.727382600000000212e-01
1.404682299999999984e+01 1.404682299999999984e+01 0.000000000000000000e+00 0.000000000000000000e+00 0.000000000000000000e+00 4.035320199999999913e-01 5.107761499999999844e-01
1.538461500000000015e+01 1.538461500000000015e+01 0.000000000000000000e+00 0.000000000000000000e+00 0.000000000000000000e+00 3.869006899999999916e-01 4.228379700000000074e-01
1.672240800000000149e+01 1.672240800000000149e+01 0.000000000000000000e+00 0.000000000000000000e+00 0.000000000000000000e+00 3.337404299999999768e-01 2.218656499999999976e-01
1.806020099999999928e+01 1.806020099999999928e+01 0.000000000000000000e+00 0.000000000000000000e+00 0.000000000000000000e+00 2.529928900000000258e-01 4.797314200000000195e-01
1.939799299999999960e+01 1.939799299999999960e+01 0.000000000000000000e+00 0.000000000000000000e+00 0.000000000000000000e+00 2.074105900000000058e-01 7.557610799999999740e-01
2.073578600000000094e+01 2.073578600000000094e+01 0.000000000000000000e+00 0.000000000000000000e+00 0.000000000000000000e+00 2.974074299999999726e-01 8.455358600000000280e-01
2.207357899999999873e+01 2.207357899999999873e+01 0.000000000000000000e+00 0.000000000000000000e+00 0.000000000000000000e+00 4.800735500000000155e-01 8.774151599999999718e-01
2.341137099999999904e+01 2.341137099999999904e+01 0.000000000000000000e+00 0.000000000000000000e+00 0.000000000000000000e+00 6.321649299999999583e-01 8.907031800000000388e-01
2.474916400000000039e+01 2.474916400000000039e+01 0.000000000000000000e+00 0.000000000000000000e+00 0.000000000000000000e+00 7.254266999999999799e-01 8.966034000000000503e-01
2.608695700000000173e+01 2.608695700000000173e+01 0.000000000000000000e+00 0.000000000000000000e+00 0.000000000000000000e+00 7.785839399999999744e-01 8.990020499999999970e-01
2.742474899999999849e+01 2.742474899999999849e+01 0.000000000000000000e+00 0.000000000000000000e+00 0.000000000000000000e+00 8.090844699999999445e-01 8.995097600000000471e-01
2.876254199999999983e+01 2.876254199999999983e+01 0.000000000000000000e+00 0.000000000000000000e+00 0.000000000000000000e+00 8.270101199999999597e-01 8.988807199999999664e-01
3.010033400000000015e+01 3.010033400000000015e+01 0.000000000000000000e+00 0.000000000000000000e+00 0.000000000000000000e+00 8.377447199999999983e-01 8.975008799999999454e-01
3.143812700000000149e+01 3.143812700000000149e+01 0.000000000000000000e+00 0.000000000000000000e+00 0.000000000000000000e+00 8.441162800000000521e-01 8.955816599999999461e-01
3.277591999999999928e+01 3.277591999999999928e+01 0.000000000000000000e+00 0.000000000000000000e+00 0.000000000000000000e+00 8.475730399999999998e-01 8.932444499999999676e-01
3.411371199999999959e+01 3.411371199999999959e+01 0.000000000000000000e+00 0.000000000000000000e+00 0.000000000000000000e+00 8.489167300000000083e-01 8.905612499999999709e-01
3.545150499999999738e+01 3.545150499999999738e+01 0.000000000000000000e+00 0.000000000000000000e+00 0.000000000000000000e+00 8.486801899999999454e-01 8.875749699999999631e-01
3.678929800000000228e+01 3.678929800000000228e+01 0.000000000000000000e+00 0.000000000000000000e+00 0.000000000000000000e+00 8.472343599999999642e-01 8.843095399999999495e-01
3.812709000000000259e+01 3.812709000000000259e+01 0.000000000000000000e+00 0.000000000000000000e+00 0.000000000000000000e+00 8.448232199999999859e-01 8.807754300000000258e-01
3.946488300000000038e+01 3.946488300000000038e+01 0.000000000000000000e+00 0.000000000000000000e+00 0.000000000000000000e+00 8.415978100000000017e-01 8.769730000000000025e-01
4.080267599999999817e+01 4.080267599999999817e+01 0.000000000000000000e+00 0.000000000000000000e+00 0.000000000000000000e+00 8.376448399999999461e-01 8.728943099999999511e-01
4.214046799999999848e+01 4.214046799999999848e+01 0.000000000000000000e+00 0.000000000000000000e+00 0.000000000000000000e+00 8.330047499999999605e-01 8.685238600000000364e-01
4.347826100000000338e+01 4.347826100000000338e+01 0.000000000000000000e+00 0.000000000000000000e+00 0.000000000000000000e+00 8.276799599999999923e-01 8.638389699999999838e-01
4.481605400000000117e+01 4.481605400000000117e+01 0.000000000000000000e+00 0.000000000000000000e+00 0.000000000000000000e+00 8.216370200000000512e-01 8.588093599999999661e-01
4.615384600000000148e+01 4.615384600000000148e+01 0.000000000000000000e+00 0.000000000000000000e+00 0.000000000000000000e+00 8.148071900000000145e-01 8.533963100000000468e-01
4.749163899999999927e+01 4.749163899999999927e+01 0.000000000000000000e+00 0.000000000000000000e+00 0.000000000000000000e+00 8.070867400000000247e-01 8.475512400000000390e-01
4.882943099999999959e+01 4.882943099999999959e+01 0.000000000000000000e+00 0.000000000000000000e+00 0.000000000000000000e+00 7.983340500000000173e-01 8.412134399999999790e-01
5.016722399999999737e+01 5.016722399999999737e+01 0.000000000000000000e+00 0.000000000000000000e+00 0.000000000000000000e+00 7.883606699999999856e-01 8.343068300000000548e-01
5.150501700000000227e+01 5.150501700000000227e+01 0.000000000000000000e+00 0.000000000000000000e+00 0.000000000000000000e+00 7.769154000000000337e-01 8.267356000000000149e-01
5.284280900000000258e+01 5.284280900000000258e+01 0.000000000000000000e+00 0.000000000000000000e+00 0.000000000000000000e+00 7.636598999999999471e-01 8.183776600000000068e-01
5.418060200000000037e+01 5.418060200000000037e+01 0.000000000000000000e+00 0.000000000000000000e+00 0.000000000000000000e+00 7.481327199999999733e-01 8.090752799999999523e-01
5.551839499999999816e+01 5.551839499999999816e+01 0.000000000000000000e+00 0.000000000000000000e+00 0.000000000000000000e+00 7.296961400000000486e-01 7.986214000000000368e-01
5.685618699999999848e+01 5.685618699999999848e+01 0.000000000000000000e+00 0.000000000000000000e+00 0.000000000000000000e+00 7.074555000000000149e-01 7.867389799999999767e-01
5.819398000000000337e+01 5.819398000000000337e+01 0.000000000000000000e+00 0.000000000000000000e+00 0.000000000000000000e+00 6.801377800000000251e-01 7.730490700000000048e-01
5.953177300000000116e+01 5.953177300000000116e+01 0.000000000000000000e+00 0.000000000000000000e+00 0.000000000000000000e+00 6.459179800000000027e-01 7.570206200000000329e-01
6.086956500000000148e+01 6.086956500000000148e+01 0.000000000000000000e+00 0.000000000000000000e+00 0.000000000000000000e+00 6.022061699999999851e-01 7.378888300000000511e-01
6.220735799999999927e+01 6.220735799999999927e+01 0.000000000000000000e+00 0.000000000000000000e+00 0.000000000000000000e+00 5.455227000000000270e-01 7.145219099999999823e-01
6.354515099999999705e+01 6.354515099999999705e+01 0.000000000000000000e+00 0.000000000000000000e+00 0.000000000000000000e+00 4.719573100000000188e-01 6.852043300000000281e-01
6.488294299999999737e+01 6.488294299999999737e+01 0.000000000000000000e+00 0.000000000000000000e+00 0.000000000000000000e+00 3.796306199999999742e-01 6.473122900000000124e-01
6.622073600000000226e+01 6.622073600000000226e+01 0.000000000000000000e+00 0.000000000000000000e+00 0.000000000000000000e+00 2.754623500000000225e-01 5.969835900000000084e-01
6.755852799999999547e+01 6.755852799999999547e+01 0.000000000000000000e+00 0.000000000000000000e+00 0.000000000000000000e+00 1.837718299999999971e-01 5.295855200000000318e-01
6.889632100000000037e+01 6.889632100000000037e+01 0.000000000000000000e+00 0.000000000000000000e+00 0.000000000000000000e+00 1.374583900000000136e-01 4.442618500000000137e-01
7.023411400000000526e+01 7.023411400000000526e+01 0.000000000000000000e+00 0.000000000000000000e+00 0.000000000000000000e+00 1.428930800000000056e-01 3.576856600000000164e-01
7.157190599999999847e+01 7.157190599999999847e+01 0.000000000000000000e+00 0.000000000000000000e+00 0.000000000000000000e+00 1.712868700000000077e-01 3.066535499999999970e-01
7.290969900000000337e+01 7.290969900000000337e+01 0.000000000000000000e+00 0.000000000000000000e+00 0.000000000000000000e+00 1.922969999999999957e-01 2.946058300000000130e-01
7.424749199999999405e+01 7.424749199999999405e+01 0.000000000000000000e+00 0.000000000000000000e+00 0.000000000000000000e+00 1.928569499999999992e-01 2.791990899999999831e-01
7.558528400000000147e+01 7.558528400000000147e+01 0.000000000000000000e+00 0.000000000000000000e+00 0.000000000000000000e+00 1.726318299999999861e-01 2.367286999999999864e-01
7.692307700000000636e+01 7.692307700000000636e+01 0.000000000000000000e+00 0.000000000000000000e+00 0.000000000000000000e+00 1.373984500000000053e-01 1.770170899999999881e-01
7.826086999999999705e+01 7.826086999999999705e+01 0.000000000000000000e+00 0.000000000000000000e+00 0.000000000000000000e+00 9.638381799999999611e-02 1.288056499999999938e-01
7.959866200000000447e+01 7.959866200000000447e+01 0.000000000000000000e+00 0.000000000000000000e+00 0.000000000000000000e+00 6.070384200000000091e-02 1.167702999999999935e-01
8.093645499999999515e+01 8.093645499999999515e+01 0.000000000000000000e+00 0.000000000000000000e+00 0.000000000000000000e+00 4.005831900000000195e-02 1.354962600000000073e-01
8.227424700000000257e+01 8.227424700000000257e+01 0.000000000000000000e+00 0.000000000000000000e+00 0.000000000000000000e+00 3.820590599999999781e-02 1.570992599999999906e-01
8.361203999999999326e+01 8.361203999999999326e+01 0.000000000000000000e+00 0.000000000000000000e+00 0.000000000000000000e+00 5.110099700000000217e-02 1.600009599999999976e-01
8.494983299999999815e+01 8.494983299999999815e+01 0.000000000000000000e+00 0.000000000000000000e+00 0.000000000000000000e+00 6.988616500000000009e-02 1.394246299999999938e-01
8.628762500000000557e+01 8.628762500000000557e+01 0.000000000000000000e+00 0.000000000000000000e+00 0.000000000000000000e+00 8.583656200000000513e-02 1.036653599999999981e-01
8.762541799999999625e+01 8.762541799999999625e+01 0.000000000000000000e+00 0.000000000000000000e+00 0.000000000000000000e+00 9.340460999999999903e-02 6.901776799999999323e-02
8.896321100000000115e+01 8.896321100000000115e+01 0.000000000000000000e+00 0.000000000000000000e+00 0.000000000000000000e+00 9.071002100000000179e-02 5.203459299999999704e-02
9.030100299999999436e+01 9.030100299999999436e+01 0.000000000000000000e+00 0.000000000000000000e+00 0.000000000000000000e+00 7.884466399999999486e-02 5.834689800000000121e-02
9.163879599999999925e+01 9.163879599999999925e+01 0.000000000000000000e+00 0.000000000000000000e+00 0.000000000000000000e+00 6.104991500000000321e-02 7.851191700000000051e-02
9.297658900000000415e+01 9.297658900000000415e+01 0.000000000000000000e+00 0.000000000000000000e+00 0.000000000000000000e+00 4.192075299999999810e-02 9.676898999999999917e-02
9.431438099999999736e+01 9.431438099999999736e+01 0.000000000000000000e+00 0.000000000000000000e+00 0.000000000000000000e+00 2.634525700000000040e-02 1.018729000000000023e-01
9.565217400000000225e+01 9.565217400000000225e+01 0.000000000000000000e+00 0.000000000000000000e+00 0.000000000000000000e+00 1.807132599999999867e-02 9.098386499999999710e-02
9.698996699999999294e+01 9.698996699999999294e+01 0.000000000000000000e+00 0.000000000000000000e+00 0.000000000000000000e+00 1.837938700000000050e-02 6.872190400000000032e-02
9.832775900000000036e+01 9.832775900000000036e+01 0.000000000000000000e+00 0.000000000000000000e+00 0.000000000000000000e+00 2.568152799999999861e-02 4.475770899999999969e-02
9.966555200000000525e+01 9.966555200000000525e+01 0.000000000000000000e+00 0.000000000000000000e+00 0.000000000000000000e+00 3.637972800000000007e-02 2.975962000000000052e-02
1.010033399999999943e+02 1.010033399999999943e+02 0.000000000000000000e+00 0.000000000000000000e+00 0.000000000000000000e+00 4.641197400000000167e-02 2.964425399999999836e-02
1.023411399999999958e+02 1.023411399999999958e+02 0.000000000000000000e+00 0.000000000000000000e+00 0.000000000000000000e+00 5.258836100000000013e-02 4.189423099999999706e-02
1.036789299999999940e+02 1.036789299999999940e+02 0.000000000000000000e+00 0.000000000000000000e+00 0.000000000000000000e+00 5.326060600000000200e-02 5.777045299999999939e-02
1.050167200000000065e+02 1.050167200000000065e+02 0.000000000000000000e+00 0.000000000000000000e+00 0.000000000000000000e+00 4.840739899999999679e-02 6.816814899999999733e-02
1.063545199999999937e+02 1.063545199999999937e+02 0.000000000000000000e+00 0.000000000000000000e+00 0.000000000000000000e+00 3.939500600000000324e-02 6.797767200000000287e-02
1.076923100000000062e+02 1.076923100000000062e+02 0.000000000000000000e+00 0.000000000000000000e+00 0.000000000000000000e+00 2.856300900000000031e-02 5.729318700000000236e-02
1.090301000000000045e+02 1.090301000000000045e+02 0.000000000000000000e+00 0.000000000000000000e+00 0.000000000000000000e+00 1.865019500000000136e-02 4.067472300000000290e-02
1.103678900000000027e+02 1.103678900000000027e+02 0.000000000000000000e+00 0.000000000000000000e+00 0.000000000000000000e+00 1.207262899999999965e-02 2.524035599999999852e-02
1.117056900000000041e+02 1.117056900000000041e+02 0.000000000000000000e+00 0.000000000000000000e+00 0.000000000000000000e+00 1.020770799999999937e-02 1.754995800000000092e-02
1.130434800000000024e+02 1.130434800000000024e+02 0.000000000000000000e+00 0.000000000000000000e+00 0.000000000000000000e+00 1.297343999999999928e-02 2.019304599999999922e-02
1.143812700000000007e+02 1.143812700000000007e+02 0.000000000000000000e+00 0.000000000000000000e+00 0.000000000000000000e+00 1.893193099999999907e-02 3.042933199999999991e-02
1.157190599999999989e+02 1.157190599999999989e+02 0.000000000000000000e+00 0.000000000000000000e+00 0.000000000000000000e+00 2.587040900000000046e-02 4.212312900000000221e-02
1.170568600000000004e+02 1.170568600000000004e+02 0.000000000000000000e+00 0.000000000000000000e+00 0.000000000000000000e+00 3.156007599999999941e-02 4.926944800000000041e-02
1.183946499999999986e+02 1.183946499999999986e+02 0.000000000000000000e+00 0.000000000000000000e+00 0.000000000000000000e+00 3.437316299999999825e-02 4.860387199999999935e-02
1.197324399999999969e+02 1.197324399999999969e+02 0.000000000000000000e+00 0.000000000000000000e+00 0.000000000000000000e+00 3.360743599999999748e-02 4.046062599999999954e-02
1.210702299999999951e+02 1.210702299999999951e+02 0.000000000000000000e+00 0.000000000000000000e+00 0.000000000000000000e+00 2.953459500000000029e-02 2.830221899999999999e-02
1.224080299999999966e+02 1.224080299999999966e+02 0.000000000000000000e+00 0.000000000000000000e+00 0.000000000000000000e+00 2.324694700000000044e-02 1.727169400000000063e-02
1.237458199999999948e+02 1.237458199999999948e+02 0.000000000000000000e+00 0.000000000000000000e+00 0.000000000000000000e+00 1.635719100000000009e-02 1.194981200000000063e-02
1.250836099999999931e+02 1.250836099999999931e+02 0.000000000000000000e+00 0.000000000000000000e+00 0.000000000000000000e+00 1.058589100000000005e-02 1.410672900000000014e-02
1.264214000000000055e+02 1.264214000000000055e+02 0.000000000000000000e+00 0.000000000000000000e+00 0.000000000000000000e+00 7.299337399999999629e-03 2.185648700000000083e-02
1.277592000000000070e+02 1.277592000000000070e+02 0.000000000000000000e+00 0.000000000000000000e+00 0.000000000000000000e+00 7.121250299999999644e-03 3.087616099999999919e-02
1.290969900000000052e+02 1.290969900000000052e+02 0.000000000000000000e+00 0.000000000000000000e+00 0.000000000000000000e+00 9.766583299999999357e-03 3.673291599999999740e-02
1.304347799999999893e+02 1.304347799999999893e+02 0.000000000000000000e+00 0.000000000000000000e+00 0.000000000000000000e+00 1.417504200000000054e-02 3.680837199999999892e-02
1.317725800000000049e+02 1.317725800000000049e+02 0.000000000000000000e+00 0.000000000000000000e+00 0.000000000000000000e+00 1.888473900000000108e-02 3.111312499999999842e-02
1.331103699999999890e+02 1.331103699999999890e+02 0.000000000000000000e+00 0.000000000000000000e+00 0.000000000000000000e+00 2.248416899999999830e-02 2.206970399999999902e-02
1.344481600000000014e+02 1.344481600000000014e+02 0.000000000000000000e+00 0.000000000000000000e+00 0.000000000000000000e+00 2.398243099999999850e-02 1.347925399999999954e-02
1.357859500000000139e+02 1.357859500000000139e+02 0.000000000000000000e+00 0.000000000000000000e+00 0.000000000000000000e+00 2.301347499999999852e-02 8.888052400000000589e-03
1.371237500000000011e+02 1.371237500000000011e+02 0.000000000000000000e+00 0.000000000000000000e+00 0.000000000000000000e+00 1.986679599999999907e-02 9.928875199999999401e-03
1.384615400000000136e+02 1.384615400000000136e+02 0.000000000000000000e+00 0.000000000000000000e+00 0.000000000000000000e+00 1.537360699999999920e-02 1.556190300000000019e-02
1.397993299999999977e+02 1.397993299999999977e+02 0.000000000000000000e+00 0.000000000000000000e+00 0.000000000000000000e+00 1.068150699999999981e-02 2.273496300000000039e-02
1.411371200000000101e+02 1.411371200000000101e+02 0.000000000000000000e+00 0.000000000000000000e+00 0.000000000000000000e+00 6.955779300000000144e-03 2.798283999999999841e-02
1.424749199999999973e+02 1.424749199999999973e+02 0.000000000000000000e+00 0.000000000000000000e+00 0.000000000000000000e+00 5.067370100000000328e-03 2.896576500000000096e-02
1.438127100000000098e+02 1.438127100000000098e+02 0.000000000000000000e+00 0.000000000000000000e+00 0.000000000000000000e+00 5.353906700000000095e-03 2.529507500000000020e-02
1.451504999999999939e+02 1.451504999999999939e+02 0.000000000000000000e+00 0.000000000000000000e+00 0.000000000000000000e+00 7.538370099999999567e-03 1.854001400000000049e-02
1.464882900000000063e+02 1.464882900000000063e+02 0.000000000000000000e+00 0.000000000000000000e+00 0.000000000000000000e+00 1.083834200000000081e-02 1.153510500000000036e-02
1.478260899999999936e+02 1.478260899999999936e+02 0.000000000000000000e+00 0.000000000000000000e+00 0.000000000000000000e+00 1.422130999999999916e-02 7.175870299999999660e-03
1.491638800000000060e+02 1.491638800000000060e+02 0.000000000000000000e+00 0.000000000000000000e+00 0.000000000000000000e+00 1.670780399999999971e-02 7.112553500000000362e-03
1.505016699999999901e+02 1.505016699999999901e+02 0.000000000000000000e+00 0.000000000000000000e+00 0.000000000000000000e+00 1.762433399999999845e-02 1.099348300000000007e-02
1.518394600000000025e+02 1.518394600000000025e+02 0.000000000000000000e+00 0.000000000000000000e+00 0.000000000000000000e+00 1.674782099999999954e-02 1.672160300000000155e-02
1.531772599999999898e+02 1.531772599999999898e+02 0.000000000000000000e+00 0.000000000000000000e+00 0.000000000000000000e+00 1.432791299999999941e-02 2.154269199999999870e-02
1.545150500000000022e+02 1.545150500000000022e+02 0.000000000000000000e+00 0.000000000000000000e+00 0.000000000000000000e+00 1.099998899999999995e-02 2.329838299999999890e-02
1.558528399999999863e+02 1.558528399999999863e+02 0.000000000000000000e+00 0.000000000000000000e+00 0.000000000000000000e+00 7.613190700000000387e-03 2.125593500000000011e-02
1.571906400000000019e+02 1.571906400000000019e+02 0.000000000000000000e+00 0.000000000000000000e+00 0.000000000000000000e+00 5.007798699999999742e-03 1.629883299999999868e-02
1.585284299999999860e+02 1.585284299999999860e+02 0.000000000000000000e+00 0.000000000000000000e+00 0.000000000000000000e+00 3.791454599999999862e-03 1.051034699999999975e-02
1.598662199999999984e+02 1.598662199999999984e+02 0.000000000000000000e+00 0.000000000000000000e+00 0.000000000000000000e+00 4.176511600000000143e-03 6.291259300000000103e-03
1.612040100000000109e+02 1.612040100000000109e+02 0.000000000000000000e+00 0.000000000000000000e+00 0.000000000000000000e+00 5.931786399999999793e-03 5.305039999999999582e-03
1.625418099999999981e+02 1.625418099999999981e+02 0.000000000000000000e+00 0.000000000000000000e+00 0.000000000000000000e+00 8.466427000000000327e-03 7.726726700000000406e-03
1.638796000000000106e+02 1.638796000000000106e+02 0.000000000000000000e+00 0.000000000000000000e+00 0.000000000000000000e+00 1.101394399999999947e-02 1.221304999999999960e-02
1.652173899999999946e+02 1.652173899999999946e+02 0.000000000000000000e+00 0.000000000000000000e+00 0.000000000000000000e+00 1.285094600000000024e-02 1.660120099999999946e-02
1.665551800000000071e+02 1.665551800000000071e+02 0.000000000000000000e+00 0.000000000000000000e+00 0.000000000000000000e+00 1.348345800000000025e-02 1.891324200000000025e-02
1.678929799999999943e+02 1.678929799999999943e+02 0.000000000000000000e+00 0.000000000000000000e+00 0.000000000000000000e+00 1.275665900000000005e-02 1.816314200000000018e-02
1.692307700000000068e+02 1.692307700000000068e+02 0.000000000000000000e+00 0.000000000000000000e+00 0.000000000000000000e+00 1.087327700000000064e-02 1.468714900000000004e-02
1.705685599999999909e+02 1.705685599999999909e+02 0.000000000000000000e+00 0.000000000000000000e+00 0.000000000000000000e+00 8.326639900000000136e-03 9.952118200000000317e-03
1.719063500000000033e+02 1.719063500000000033e+02 0.000000000000000000e+00 0.000000000000000000e+00 0.000000000000000000e+00 5.766962100000000077e-03 5.929358499999999761e-03
1.732441499999999905e+02 1.732441499999999905e+02 0.000000000000000000e+00 0.000000000000000000e+00 0.000000000000000000e+00 3.830270099999999803e-03 4.244084099999999998e-03
1.745819400000000030e+02 1.745819400000000030e+02 0.000000000000000000e+00 0.000000000000000000e+00 0.000000000000000000e+00 2.969962999999999943e-03 5.453386900000000044e-03
1.759197299999999871e+02 1.759197299999999871e+02 0.000000000000000000e+00 0.000000000000000000e+00 0.000000000000000000e+00 3.337118899999999902e-03 8.820713500000000595e-03
1.772575300000000027e+02 1.772575300000000027e+02 0.000000000000000000e+00 0.000000000000000000e+00 0.000000000000000000e+00 4.747088800000000275e-03 1.270771799999999979e-02
1.785953199999999867e+02 1.785953199999999867e+02 0.000000000000000000e+00 0.000000000000000000e+00 0.000000000000000000e+00 6.743202700000000029e-03 1.534802700000000020e-02
1.799331099999999992e+02 1.799331099999999992e+02 0.000000000000000000e+00 0.000000000000000000e+00 0.000000000000000000e+00 8.734786600000000664e-03 1.559941500000000016e-02
1.812709000000000117e+02 1.812709000000000117e+02 0.000000000000000000e+00 0.000000000000000000e+00 0.000000000000000000e+00 1.016302900000000051e-02 1.336986100000000025e-02
1.826086999999999989e+02 1.826086999999999989e+02 0.000000000000000000e+00 0.000000000000000000e+00 0.000000000000000000e+00 1.064508400000000084e-02 9.606742899999999585e-03
1.839464900000000114e+02 1.839464900000000114e+02 0.000000000000000000e+00 0.000000000000000000e+00 0.000000000000000000e+00 1.006173399999999926e-02 5.883052100000000194e-03
1.852842799999999954e+02 1.852842799999999954e+02 0.000000000000000000e+00 0.000000000000000000e+00 0.000000000000000000e+00 8.573979900000000542e-03 3.725483500000000090e-03
1.866220700000000079e+02 1.866220700000000079e+02 0.000000000000000000e+00 0.000000000000000000e+00 0.000000000000000000e+00 6.571224999999999983e-03 3.946291499999999945e-03
1.879598699999999951e+02 1.879598699999999951e+02 0.000000000000000000e+00 0.000000000000000000e+00 0.000000000000000000e+00 4.565568300000000419e-03 6.294074099999999797e-03
1.892976600000000076e+02 1.892976600000000076e+02 0.000000000000000000e+00 0.000000000000000000e+00 0.000000000000000000e+00 3.056872899999999848e-03 9.604633300000000110e-03
1.906354499999999916e+02 1.906354499999999916e+02 0.000000000000000000e+00 0.000000000000000000e+00 0.000000000000000000e+00 2.400722100000000133e-03 1.235943200000000006e-02
1.919732400000000041e+02 1.919732400000000041e+02 0.000000000000000000e+00 0.000000000000000000e+00 0.000000000000000000e+00 2.715482700000000204e-03 1.335274900000000056e-02
1.933110399999999913e+02 1.933110399999999913e+02 0.000000000000000000e+00 0.000000000000000000e+00 0.000000000000000000e+00 3.856023799999999929e-03 1.217057700000000013e-02
1.946488300000000038e+02 1.946488300000000038e+02 0.000000000000000000e+00 0.000000000000000000e+00 0.000000000000000000e+00 5.462301800000000408e-03 9.321538600000000077e-03
1.959866199999999878e+02 1.959866199999999878e+02 0.000000000000000000e+00 0.000000000000000000e+00 0.000000000000000000e+00 7.065977799999999601e-03 6.002043099999999909e-03
1.973244100000000003e+02 1.973244100000000003e+02 0.000000000000000000e+00 0.000000000000000000e+00 0.000000000000000000e+00 8.220541899999999486e-03 3.585805200000000137e-03
1.986622099999999875e+02 1.986622099999999875e+02 0.000000000000000000e+00 0.000000000000000000e+00 0.000000000000000000e+00 8.616925399999999374e-03 3.030208999999999854e-03
2.000000000000000000e+02 2.000000000000000000e+02 0.000000000000000000e+00 0.000000000000000000e+00 0.000000000000000000e+00 8.155928099999999389e-03 4.460561600000000244e-03
